A,0.8750000000000000,0.1145833333333333,0.6666666666666666,-0.0520833333333333,0.4583333333333333,-0.2604166666666667,0.3333333333333333,-0.4687500000000000,0.2291666666666667,-0.6770833333333334,0.6250000000000000,-0.2187500000000000,0.3125000000000000,0.0312500000000000,0.3541666666666667,0.0520833333333333,0.4583333333333333,-0.0312500000000000,0.7916666666666666,-0.0729166666666667,0.4166666666666667,0.2187500000000000,0.4791666666666667,0.1770833333333333,0.5833333333333334,0.0729166666666667,0.9166666666666666,0.0729166666666667,0.5416666666666666,0.3229166666666667,0.6250000000000000,0.3020833333333333,0.7291666666666666,0.2187500000000000,1.0000000000000000,0.2187500000000000,0.7500000000000000,0.3854166666666667,0.7708333333333334,0.3854166666666667,0.8541666666666666,0.3645833333333333,-0.8750000000000000,-0.1145833333333333,-0.6041666666666666,-0.2604166666666667,-0.2708333333333333,-0.3854166666666667,-0.0625000000000000,-0.4895833333333333,0.0625000000000000,-0.6562500000000000,-0.4791666666666667,-0.4687500000000000,-0.1250000000000000,-0.2604166666666667,-0.1875000000000000,-0.2395833333333333,-0.3333333333333333,-0.3020833333333333,-0.6250000000000000,-0.3020833333333333,-0.2291666666666667,-0.0312500000000000,-0.3125000000000000,-0.0520833333333333,-0.4583333333333333,-0.1354166666666667,-0.7500000000000000,-0.1145833333333333,-0.3541666666666667,0.1562500000000000,-0.4583333333333333,0.0937500000000000,-0.5833333333333334,0.0104166666666667,-0.8750000000000000,0.0729166666666667,-0.5416666666666666,0.2812500000000000,-0.6250000000000000,0.2395833333333333,-0.7291666666666666,0.1354166666666667
A,0.8958333333333334,0.0937500000000000,0.6666666666666666,-0.0729166666666667,0.4583333333333333,-0.2812500000000000,0.3333333333333333,-0.4687500000000000,0.2291666666666667,-0.6562500000000000,0.6458333333333334,-0.2604166666666667,0.3333333333333333,-0.0312500000000000,0.3541666666666667,0.0104166666666667,0.4166666666666667,-0.0520833333333333,0.8125000000000000,-0.1354166666666667,0.4166666666666667,0.1562500000000000,0.4583333333333333,0.1562500000000000,0.5625000000000000,0.0937500000000000,0.9166666666666666,0.0104166666666667,0.5416666666666666,0.2604166666666667,0.5833333333333334,0.2604166666666667,0.6875000000000000,0.2187500000000000,1.0000000000000000,0.1562500000000000,0.7291666666666666,0.3437500000000000,0.7291666666666666,0.3645833333333333,0.7708333333333334,0.3645833333333333,-0.8958333333333334,-0.0937500000000000,-0.6250000000000000,-0.2395833333333333,-0.3125000000000000,-0.3854166666666667,-0.0833333333333333,-0.4687500000000000,0.0625000000000000,-0.6354166666666666,-0.4791666666666667,-0.4270833333333333,-0.1250000000000000,-0.2395833333333333,-0.2291666666666667,-0.2187500000000000,-0.3750000000000000,-0.2812500000000000,-0.6250000000000000,-0.2812500000000000,-0.2083333333333333,-0.0104166666666667,-0.3541666666666667,-0.0312500000000000,-0.4791666666666667,-0.1145833333333333,-0.7708333333333334,-0.0937500000000000,-0.3541666666666667,0.1562500000000000,-0.4791666666666667,0.1145833333333333,-0.6041666666666666,0.0312500000000000,-0.8750000000000000,0.0937500000000000,-0.5416666666666666,0.3020833333333333,-0.6250000000000000,0.2395833333333333,-0.7500000000000000,0.1562500000000000
A,0.8285714285714286,0.0000000000000000,0.6190476190476191,-0.1142857142857143,0.4476190476190476,-0.3047619047619048,0.2952380952380952,-0.4571428571428571,0.1619047619047619,-0.6285714285714286,0.6000000000000000,-0.3238095238095238,0.3142857142857143,-0.0952380952380952,0.3904761904761905,-0.0761904761904762,0.4666666666666667,-0.1523809523809524,0.7714285714285715,-0.2285714285714286,0.4285714285714285,0.0761904761904762,0.5238095238095238,0.0571428571428571,0.6190476190476191,-0.0380952380952381,0.9047619047619048,-0.0952380952380952,0.6000000000000000,0.1904761904761905,0.6952380952380952,0.1714285714285714,0.7904761904761904,0.0952380952380952,1.0000000000000000,0.0571428571428571,0.8095238095238095,0.2476190476190476,0.8476190476190476,0.2285714285714286,0.9238095238095239,0.1714285714285714,-0.8285714285714286,0.0000000000000000,-0.6190476190476191,-0.1333333333333333,-0.3523809523809524,-0.2857142857142857,-0.1619047619047619,-0.4000000000000000,-0.0285714285714286,-0.5714285714285714,-0.4857142857142857,-0.4190476190476191,-0.1428571428571428,-0.2476190476190476,-0.2000000000000000,-0.1523809523809524,-0.3142857142857143,-0.1904761904761905,-0.6000000000000000,-0.2857142857142857,-0.2000000000000000,-0.0571428571428571,-0.2952380952380952,0.0000000000000000,-0.4285714285714285,-0.0380952380952381,-0.6761904761904762,-0.0952380952380952,-0.3142857142857143,0.1142857142857143,-0.4285714285714285,0.1523809523809524,-0.5428571428571428,0.0952380952380952,-0.7523809523809524,0.0761904761904762,-0.4666666666666667,0.2666666666666667,-0.5428571428571428,0.2476190476190476,-0.6571428571428571,0.1904761904761905
A,0.7837837837837838,-0.0720720720720721,0.5855855855855856,-0.1801801801801802,0.3873873873873874,-0.3423423423423423,0.2432432432432433,-0.4864864864864865,0.0990990990990991,-0.6306306306306306,0.5495495495495496,-0.4144144144144144,0.3333333333333333,-0.1621621621621622,0.3873873873873874,-0.1261261261261261,0.4594594594594595,-0.1981981981981982,0.7297297297297297,-0.3423423423423423,0.4414414414414414,0.0000000000000000,0.5315315315315315,0.0000000000000000,0.6036036036036037,-0.1081081081081081,0.8738738738738738,-0.2162162162162162,0.6036036036036037,0.0900900900900901,0.6936936936936937,0.0900900900900901,0.7657657657657657,0.0000000000000000,1.0000000000000000,-0.0900900900900901,0.8018018018018018,0.1261261261261261,0.8378378378378378,0.1261261261261261,0.9099099099099099,0.0540540540540541,-0.7837837837837838,0.0720720720720721,-0.5675675675675675,-0.0720720720720721,-0.3153153153153153,-0.2522522522522522,-0.1531531531531531,-0.3963963963963964,-0.0450450450450450,-0.5585585585585585,-0.4774774774774775,-0.3603603603603603,-0.1351351351351351,-0.2522522522522522,-0.2072072072072072,-0.1801801801801802,-0.3153153153153153,-0.2162162162162162,-0.5495495495495496,-0.2162162162162162,-0.1711711711711712,-0.0540540540540541,-0.2792792792792793,-0.0180180180180180,-0.4054054054054054,-0.0540540540540541,-0.6216216216216216,-0.0360360360360360,-0.2612612612612613,0.1261261261261261,-0.3693693693693694,0.1441441441441441,-0.4774774774774775,0.0900900900900901,-0.6576576576576577,0.1441441441441441,-0.3693693693693694,0.2702702702702703,-0.4594594594594595,0.2522522522522522,-0.5855855855855856,0.2162162162162162
A,1.0000000000000000,-0.0344827586206897,0.7931034482758621,-0.3103448275862069,0.5172413793103449,-0.5172413793103449,0.2413793103448276,-0.6551724137931034,0.1034482758620690,-0.7931034482758621,0.3793103448275862,-0.4482758620689655,0.0344827586206897,-0.5172413793103449,0.0344827586206897,-0.5172413793103449,0.1034482758620690,-0.5172413793103449,0.3793103448275862,-0.2413793103448276,0.1724137931034483,-0.2413793103448276,0.2413793103448276,-0.2413793103448276,0.3793103448275862,-0.2413793103448276,0.3793103448275862,-0.0344827586206897,0.2413793103448276,-0.0344827586206897,0.3103448275862069,-0.0344827586206897,0.4482758620689655,-0.0344827586206897,0.4482758620689655,0.1724137931034483,0.3103448275862069,0.1034482758620690,0.3793103448275862,0.1034482758620690,0.4482758620689655,0.1034482758620690,-1.0000000000000000,0.0344827586206897,-0.7931034482758621,-0.3103448275862069,-0.4482758620689655,-0.5862068965517241,-0.1724137931034483,-0.7241379310344828,0.0344827586206897,-0.8620689655172413,-0.2413793103448276,-0.3793103448275862,0.1034482758620690,-0.4482758620689655,0.1724137931034483,-0.5172413793103449,0.1724137931034483,-0.5862068965517241,-0.1724137931034483,-0.1724137931034483,-0.1034482758620690,-0.1724137931034483,-0.2413793103448276,-0.2413793103448276,-0.3103448275862069,-0.1724137931034483,-0.2413793103448276,0.1034482758620690,-0.1724137931034483,0.0344827586206897,-0.2413793103448276,-0.0344827586206897,-0.3793103448275862,-0.0344827586206897,-0.3103448275862069,0.2413793103448276,-0.2413793103448276,0.1724137931034483,-0.3103448275862069,0.1724137931034483,-0.4482758620689655,0.1724137931034483
A,1.0000000000000000,-0.1612903225806452,0.8064516129032258,-0.3548387096774194,0.4838709677419355,-0.4193548387096774,0.2903225806451613,-0.4193548387096774,0.1612903225806452,-0.3548387096774194,0.2903225806451613,-0.4838709677419355,0.0322580645161290,-0.5483870967741935,-0.0322580645161290,-0.5483870967741935,-0.0967741935483871,-0.6129032258064516,0.2903225806451613,-0.3548387096774194,0.0967741935483871,-0.2903225806451613,0.0967741935483871,-0.2903225806451613,0.1612903225806452,-0.2903225806451613,0.3548387096774194,-0.1612903225806452,0.2258064516129032,-0.0967741935483871,0.2903225806451613,-0.0967741935483871,0.4193548387096774,-0.0967741935483871,0.4193548387096774,-0.0322580645161290,0.2903225806451613,0.0967741935483871,0.4193548387096774,0.0322580645161290,0.4838709677419355,0.0322580645161290,-1.0000000000000000,0.1612903225806452,-0.7419354838709677,-0.2258064516129032,-0.4838709677419355,-0.4838709677419355,-0.1612903225806452,-0.6774193548387096,0.0322580645161290,-0.7419354838709677,-0.1612903225806452,-0.2903225806451613,0.0322580645161290,-0.4193548387096774,-0.0322580645161290,-0.4838709677419355,-0.1612903225806452,-0.4838709677419355,-0.1612903225806452,-0.0967741935483871,-0.0967741935483871,-0.2258064516129032,-0.2258064516129032,-0.2258064516129032,-0.3548387096774194,-0.2258064516129032,-0.2258064516129032,0.0967741935483871,-0.1612903225806452,-0.0322580645161290,-0.2258064516129032,-0.0322580645161290,-0.3548387096774194,-0.0322580645161290,-0.2258064516129032,0.2903225806451613,-0.1612903225806452,0.1612903225806452,-0.2258064516129032,0.1612903225806452,-0.3548387096774194,0.1612903225806452
A,0.9375000000000000,0.8437500000000000,0.3750000000000000,0.3437500000000000,0.0000000000000000,-0.2812500000000000,-0.3750000000000000,-0.6562500000000000,-0.7500000000000000,-0.8437500000000000,0.6250000000000000,-0.9687500000000000,-0.1250000000000000,-0.8437500000000000,-0.1250000000000000,-0.4062500000000000,0.1250000000000000,-0.2187500000000000,0.8125000000000000,-0.7187500000000000,-0.0625000000000000,-0.5312500000000000,0.0000000000000000,-0.1562500000000000,0.2500000000000000,-0.0937500000000000,0.9375000000000000,-0.4687500000000000,0.0625000000000000,-0.2187500000000000,0.1875000000000000,0.0937500000000000,0.4375000000000000,0.0937500000000000,1.0000000000000000,-0.0937500000000000,0.3125000000000000,0.0937500000000000,0.3125000000000000,0.2812500000000000,0.5625000000000000,0.2812500000000000,-0.9375000000000000,-0.8437500000000000,-0.8125000000000000,-0.7812500000000000,-0.5625000000000000,-0.5937500000000000,-0.4375000000000000,-0.5312500000000000,-0.3125000000000000,-0.4062500000000000,-0.4375000000000000,-0.7187500000000000,-0.2500000000000000,-0.5312500000000000,-0.1250000000000000,-0.3437500000000000,-0.0625000000000000,-0.2187500000000000,-0.4375000000000000,-0.6562500000000000,-0.2500000000000000,-0.5312500000000000,-0.1250000000000000,-0.3437500000000000,0.0000000000000000,-0.2187500000000000,-0.4375000000000000,-0.6562500000000000,-0.2500000000000000,-0.5312500000000000,-0.1250000000000000,-0.3437500000000000,-0.0625000000000000,-0.2187500000000000,-0.5000000000000000,-0.6562500000000000,-0.3125000000000000,-0.5312500000000000,-0.2500000000000000,-0.4062500000000000,-0.1875000000000000,-0.2812500000000000
A,0.7042253521126760,0.0140845070422535,0.5915492957746479,-0.3802816901408451,0.3661971830985916,-0.6619718309859155,0.1408450704225352,-0.8028169014084507,0.0563380281690141,-0.9718309859154930,0.1690140845070423,-0.4647887323943662,0.0845070422535211,-0.4929577464788732,0.1971830985915493,-0.4366197183098591,0.2816901408450704,-0.4366197183098591,0.1408450704225352,-0.2112676056338028,0.0845070422535211,-0.2676056338028169,0.1971830985915493,-0.2394366197183098,0.2816901408450704,-0.2394366197183098,0.1408450704225352,0.0140845070422535,0.1408450704225352,-0.0422535211267606,0.2253521126760563,-0.0140845070422535,0.3098591549295774,0.0140845070422535,0.1971830985915493,0.2394366197183098,0.1971830985915493,0.1830985915492958,0.2816901408450704,0.2112676056338028,0.3380281690140845,0.2112676056338028,-0.7042253521126760,-0.0140845070422535,-0.5633802816901409,-0.3802816901408451,-0.3380281690140845,-0.6338028169014085,-0.1126760563380282,-0.8309859154929577,0.0000000000000000,-1.0000000000000000,-0.1126760563380282,-0.4929577464788732,-0.0281690140845070,-0.4647887323943662,-0.1126760563380282,-0.4084507042253521,-0.2253521126760563,-0.3802816901408451,-0.0563380281690141,-0.2112676056338028,-0.0281690140845070,-0.2394366197183098,-0.1126760563380282,-0.2112676056338028,-0.2253521126760563,-0.1830985915492958,-0.0845070422535211,0.0140845070422535,-0.0563380281690141,-0.0140845070422535,-0.1690140845070423,-0.0140845070422535,-0.2816901408450704,0.0140845070422535,-0.1408450704225352,0.2394366197183098,-0.1408450704225352,0.1830985915492958,-0.2535211267605634,0.1830985915492958,-0.3380281690140845,0.1830985915492958
A,0.6857142857142857,-0.1142857142857143,0.5714285714285714,-0.4000000000000000,0.3714285714285714,-0.6000000000000000,0.1714285714285714,-0.7142857142857143,0.0857142857142857,-0.7428571428571429,0.2571428571428571,-0.5428571428571428,0.0571428571428571,-0.5714285714285714,0.0857142857142857,-0.5142857142857142,0.1714285714285714,-0.5142857142857142,0.2000000000000000,-0.3142857142857143,0.0571428571428571,-0.3142857142857143,0.1428571428571428,-0.2857142857142857,0.2285714285714286,-0.2857142857142857,0.2285714285714286,-0.0857142857142857,0.1142857142857143,-0.0857142857142857,0.1714285714285714,-0.0857142857142857,0.2857142857142857,-0.0857142857142857,0.2857142857142857,0.1142857142857143,0.2000000000000000,0.1142857142857143,0.2857142857142857,0.1428571428571428,0.3428571428571429,0.1142857142857143,-0.6857142857142857,0.1142857142857143,-0.5714285714285714,-0.2571428571428571,-0.4000000000000000,-0.5714285714285714,-0.2000000000000000,-0.8000000000000000,-0.0857142857142857,-1.0000000000000000,-0.1428571428571428,-0.4571428571428571,-0.0857142857142857,-0.4285714285714285,-0.1714285714285714,-0.3428571428571429,-0.2857142857142857,-0.3142857142857143,-0.0571428571428571,-0.2000000000000000,-0.0571428571428571,-0.2000000000000000,-0.1428571428571428,-0.1714285714285714,-0.2285714285714286,-0.1142857142857143,-0.0571428571428571,0.0285714285714286,-0.0285714285714286,0.0285714285714286,-0.1428571428571428,0.0571428571428571,-0.2571428571428571,0.0857142857142857,-0.0571428571428571,0.2571428571428571,-0.0857142857142857,0.2285714285714286,-0.1714285714285714,0.2285714285714286,-0.2571428571428571,0.2571428571428571
A,0.5270270270270270,0.0270270270270270,0.3648648648648649,-0.2972972972972973,0.3108108108108108,-0.5945945945945946,0.2567567567567567,-0.8378378378378378,0.1486486486486487,-1.0000000000000000,0.6081081081081081,-0.7027027027027027,0.6351351351351351,-0.8918918918918919,0.5270270270270270,-0.8378378378378378,0.4729729729729730,-0.7297297297297297,0.6891891891891891,-0.5675675675675675,0.5810810810810810,-0.6486486486486487,0.4459459459459459,-0.5135135135135135,0.4189189189189189,-0.4054054054054054,0.7162162162162162,-0.4054054054054054,0.5540540540540541,-0.4054054054054054,0.4459459459459459,-0.2972972972972973,0.4459459459459459,-0.2432432432432433,0.7162162162162162,-0.2162162162162162,0.5540540540540541,-0.1891891891891892,0.5000000000000000,-0.1351351351351351,0.5000000000000000,-0.1081081081081081,-0.5270270270270270,-0.0270270270270270,-0.3378378378378378,-0.2432432432432433,-0.2297297297297297,-0.4864864864864865,-0.1486486486486487,-0.7027027027027027,-0.1216216216216216,-0.8648648648648649,-0.3108108108108108,-0.6486486486486487,-0.3108108108108108,-0.8108108108108109,-0.2567567567567567,-0.7567567567567568,-0.2297297297297297,-0.7027027027027027,-0.4189189189189189,-0.5675675675675675,-0.4189189189189189,-0.7027027027027027,-0.3648648648648649,-0.6216216216216216,-0.3378378378378378,-0.5405405405405406,-0.5270270270270270,-0.4864864864864865,-0.5000000000000000,-0.5675675675675675,-0.4729729729729730,-0.4864864864864865,-0.4459459459459459,-0.4324324324324325,-0.6081081081081081,-0.3513513513513514,-0.6081081081081081,-0.4054054054054054,-0.5540540540540541,-0.3513513513513514,-0.5270270270270270,-0.2972972972972973
A,0.4805194805194805,0.0649350649350649,0.3766233766233766,-0.2727272727272727,0.2727272727272727,-0.6103896103896104,0.1688311688311688,-0.8181818181818182,0.0909090909090909,-1.0000000000000000,0.4545454545454545,-0.6623376623376623,0.1948051948051948,-0.7402597402597403,0.1168831168831169,-0.7662337662337663,0.0909090909090909,-0.7922077922077922,0.4805194805194805,-0.4805194805194805,0.1948051948051948,-0.5324675324675324,0.1948051948051948,-0.4805194805194805,0.2467532467532468,-0.4285714285714285,0.5064935064935064,-0.2987012987012987,0.2207792207792208,-0.3506493506493507,0.2467532467532468,-0.2987012987012987,0.3246753246753247,-0.2727272727272727,0.4805194805194805,-0.1168831168831169,0.2727272727272727,-0.1688311688311688,0.2987012987012987,-0.1428571428571428,0.3766233766233766,-0.1168831168831169,-0.4805194805194805,-0.0649350649350649,-0.2727272727272727,-0.3766233766233766,-0.1948051948051948,-0.6363636363636364,-0.1168831168831169,-0.8181818181818182,-0.0129870129870130,-0.9740259740259740,-0.5324675324675324,-0.8181818181818182,-0.3246753246753247,-0.8441558441558441,-0.2727272727272727,-0.6883116883116883,-0.2987012987012987,-0.5844155844155844,-0.6103896103896104,-0.7142857142857143,-0.3506493506493507,-0.7142857142857143,-0.2987012987012987,-0.5844155844155844,-0.3246753246753247,-0.5064935064935064,-0.6363636363636364,-0.5844155844155844,-0.4025974025974026,-0.5844155844155844,-0.3506493506493507,-0.4805194805194805,-0.3766233766233766,-0.4025974025974026,-0.6363636363636364,-0.4285714285714285,-0.4805194805194805,-0.4545454545454545,-0.4285714285714285,-0.4025974025974026,-0.4285714285714285,-0.3246753246753247
A,-0.2692307692307692,0.1153846153846154,-0.1538461538461539,0.1538461538461539,-0.0384615384615385,0.1153846153846154,0.0769230769230769,0.0384615384615385,0.1153846153846154,-0.0384615384615385,0.1153846153846154,0.1538461538461539,0.2307692307692308,0.0384615384615385,0.1923076923076923,0.0000000000000000,0.1153846153846154,0.0000000000000000,0.0769230769230769,0.1153846153846154,0.1538461538461539,0.0000000000000000,0.1153846153846154,-0.0384615384615385,0.0769230769230769,-0.0384615384615385,0.0000000000000000,0.0769230769230769,0.0769230769230769,-0.0384615384615385,0.0769230769230769,-0.0769230769230769,0.0000000000000000,-0.0769230769230769,-0.0769230769230769,0.0000000000000000,0.0000000000000000,-0.1153846153846154,-0.0384615384615385,-0.1153846153846154,-0.0769230769230769,-0.1153846153846154,0.2692307692307692,-0.1153846153846154,0.5000000000000000,-0.2692307692307692,0.7307692307692307,-0.5769230769230769,0.8846153846153846,-0.7692307692307693,1.0000000000000000,-0.9230769230769231,0.5000000000000000,-0.7692307692307693,0.4615384615384616,-0.9615384615384616,0.5769230769230769,-0.8461538461538461,0.6538461538461539,-0.7307692307692307,0.3461538461538461,-0.7307692307692307,0.3461538461538461,-0.8461538461538461,0.5000000000000000,-0.7307692307692307,0.5769230769230769,-0.6153846153846154,0.1923076923076923,-0.6153846153846154,0.2307692307692308,-0.6923076923076923,0.3461538461538461,-0.6153846153846154,0.4230769230769231,-0.5000000000000000,0.0384615384615385,-0.4615384615384616,0.1153846153846154,-0.5384615384615384,0.2307692307692308,-0.5000000000000000,0.3076923076923077,-0.3846153846153846
A,0.6825396825396826,-0.0952380952380952,0.5555555555555556,-0.2222222222222222,0.4920634920634920,-0.3809523809523809,0.4285714285714285,-0.4761904761904762,0.3333333333333333,-0.5714285714285714,0.8412698412698413,-0.6031746031746031,0.6507936507936508,-0.6349206349206349,0.5555555555555556,-0.5396825396825397,0.5238095238095238,-0.4761904761904762,0.9365079365079365,-0.5079365079365079,0.7142857142857143,-0.5079365079365079,0.5873015873015873,-0.4444444444444444,0.5555555555555556,-0.3809523809523809,0.9682539682539683,-0.3492063492063492,0.7777777777777778,-0.3809523809523809,0.6507936507936508,-0.2857142857142857,0.6190476190476191,-0.2539682539682540,1.0000000000000000,-0.2222222222222222,0.8730158730158730,-0.2222222222222222,0.7460317460317460,-0.1904761904761905,0.7142857142857143,-0.1587301587301587,-0.6825396825396826,0.0952380952380952,-0.5555555555555556,-0.0317460317460317,-0.4603174603174603,-0.2539682539682540,-0.3650793650793651,-0.3809523809523809,-0.3015873015873016,-0.4444444444444444,-0.6507936507936508,-0.4444444444444444,-0.5873015873015873,-0.5079365079365079,-0.4603174603174603,-0.4761904761904762,-0.3650793650793651,-0.3809523809523809,-0.7460317460317460,-0.3492063492063492,-0.7142857142857143,-0.4444444444444444,-0.5873015873015873,-0.3809523809523809,-0.4920634920634920,-0.3174603174603174,-0.8095238095238095,-0.2222222222222222,-0.7777777777777778,-0.3174603174603174,-0.6507936507936508,-0.2539682539682540,-0.5873015873015873,-0.1904761904761905,-0.8730158730158730,-0.0952380952380952,-0.8095238095238095,-0.1587301587301587,-0.7460317460317460,-0.1269841269841270,-0.6825396825396826,-0.0634920634920635
A,0.6716417910447762,0.0447761194029851,0.5820895522388060,-0.1044776119402985,0.5223880597014925,-0.2835820895522388,0.4925373134328358,-0.4328358208955224,0.4925373134328358,-0.4925373134328358,0.8507462686567164,-0.5223880597014925,0.7611940298507462,-0.5522388059701493,0.6417910447761194,-0.4925373134328358,0.5820895522388060,-0.4328358208955224,0.9402985074626866,-0.4328358208955224,0.7611940298507462,-0.4328358208955224,0.6417910447761194,-0.3432835820895522,0.6119402985074627,-0.2835820895522388,0.9701492537313433,-0.3134328358208955,0.7910447761194029,-0.2835820895522388,0.6716417910447762,-0.1940298507462687,0.6417910447761194,-0.1641791044776119,1.0000000000000000,-0.1641791044776119,0.8208955223880597,-0.1343283582089552,0.7611940298507462,-0.1044776119402985,0.7313432835820896,-0.0746268656716418,-0.6716417910447762,-0.0447761194029851,-0.4328358208955224,-0.1940298507462687,-0.2238805970149254,-0.3731343283582090,-0.0746268656716418,-0.5522388059701493,0.0746268656716418,-0.6716417910447762,-0.3432835820895522,-0.5223880597014925,-0.3432835820895522,-0.6417910447761194,-0.3731343283582090,-0.5522388059701493,-0.4029850746268657,-0.4626865671641791,-0.4626865671641791,-0.4925373134328358,-0.4925373134328358,-0.6417910447761194,-0.5223880597014925,-0.5522388059701493,-0.5223880597014925,-0.4626865671641791,-0.5820895522388060,-0.4626865671641791,-0.6119402985074627,-0.5820895522388060,-0.6119402985074627,-0.5223880597014925,-0.6119402985074627,-0.4328358208955224,-0.7014925373134329,-0.4328358208955224,-0.6716417910447762,-0.5223880597014925,-0.6417910447761194,-0.4925373134328358,-0.6417910447761194,-0.4626865671641791
B,1.0000000000000000,0.2580645161290323,0.6989247311827957,0.3010752688172043,0.4408602150537634,0.1935483870967742,0.2258064516129032,0.1290322580645161,0.0537634408602151,0.0430107526881720,0.5913978494623656,-0.3225806451612903,0.3118279569892473,-0.4946236559139785,0.1182795698924731,-0.4301075268817204,0.0322580645161290,-0.2795698924731183,0.6344086021505376,-0.3440860215053764,0.3118279569892473,-0.5161290322580645,0.0967741935483871,-0.3870967741935484,0.0322580645161290,-0.2365591397849462,0.6344086021505376,-0.3010752688172043,0.2903225806451613,-0.4516129032258064,0.0967741935483871,-0.3010752688172043,0.0322580645161290,-0.1505376344086022,0.6129032258064516,-0.2150537634408602,0.3118279569892473,-0.3225806451612903,0.1182795698924731,-0.2580645161290323,0.0322580645161290,-0.1505376344086022,-1.0000000000000000,-0.2580645161290323,-0.8279569892473119,-0.0860215053763441,-0.5698924731182796,-0.0430107526881720,-0.3333333333333333,0.0000000000000000,-0.1827956989247312,0.0000000000000000,-0.4408602150537634,-0.4301075268817204,-0.2043010752688172,-0.4301075268817204,-0.1182795698924731,-0.2580645161290323,-0.1397849462365591,-0.0860215053763441,-0.4623655913978494,-0.5161290322580645,-0.2043010752688172,-0.5161290322580645,-0.1182795698924731,-0.3225806451612903,-0.1397849462365591,-0.1290322580645161,-0.5053763440860215,-0.5591397849462365,-0.2043010752688172,-0.5376344086021505,-0.1182795698924731,-0.3440860215053764,-0.1182795698924731,-0.1505376344086022,-0.5483870967741935,-0.5376344086021505,-0.2688172043010753,-0.4731182795698925,-0.1827956989247312,-0.3225806451612903,-0.1612903225806452,-0.1720430107526882
B,1.0000000000000000,0.0272727272727273,0.6727272727272727,0.1000000000000000,0.4181818181818182,0.0454545454545455,0.2363636363636364,-0.0090909090909091,0.1090909090909091,-0.1000000000000000,0.5090909090909090,-0.5000000000000000,0.2363636363636364,-0.6454545454545455,0.0727272727272727,-0.5000000000000000,0.0545454545454545,-0.3181818181818182,0.5818181818181818,-0.5545454545454546,0.2181818181818182,-0.7000000000000000,0.0545454545454545,-0.5000000000000000,0.0545454545454545,-0.3363636363636364,0.6181818181818182,-0.5363636363636364,0.2727272727272727,-0.7000000000000000,0.1090909090909091,-0.5000000000000000,0.0909090909090909,-0.3363636363636364,0.6545454545454545,-0.4454545454545454,0.3454545454545455,-0.5000000000000000,0.2000000000000000,-0.3909090909090909,0.1636363636363636,-0.2454545454545455,-1.0000000000000000,-0.0272727272727273,-0.6181818181818182,0.1000000000000000,-0.3090909090909091,0.0272727272727273,-0.1272727272727273,-0.0454545454545455,-0.0363636363636364,-0.1545454545454545,-0.3272727272727273,-0.4090909090909091,-0.0727272727272727,-0.5545454545454546,0.0545454545454545,-0.4272727272727272,0.1090909090909091,-0.2636363636363636,-0.4181818181818182,-0.5000000000000000,-0.1090909090909091,-0.6454545454545455,0.0181818181818182,-0.4818181818181818,0.0545454545454545,-0.3000000000000000,-0.5272727272727272,-0.5363636363636364,-0.1818181818181818,-0.6636363636363637,-0.0545454545454545,-0.4818181818181818,-0.0181818181818182,-0.3000000000000000,-0.6363636363636364,-0.5000000000000000,-0.3272727272727273,-0.4818181818181818,-0.1636363636363636,-0.3545454545454546,-0.0545454545454545,-0.2272727272727273
B,0.8666666666666667,-0.0166666666666667,0.9000000000000000,0.0166666666666667,0.9000000000000000,0.0833333333333333,0.9000000000000000,0.1833333333333333,0.9000000000000000,0.2166666666666667,0.7666666666666667,0.1833333333333333,0.8666666666666667,0.2500000000000000,0.9000000000000000,0.2166666666666667,0.9000000000000000,0.1500000000000000,0.7666666666666667,0.1833333333333333,0.8666666666666667,0.2500000000000000,0.9000000000000000,0.2166666666666667,0.9000000000000000,0.1500000000000000,0.7666666666666667,0.1833333333333333,0.8666666666666667,0.2500000000000000,0.9000000000000000,0.2166666666666667,0.8666666666666667,0.1833333333333333,0.8000000000000000,0.1833333333333333,0.8666666666666667,0.2166666666666667,0.9000000000000000,0.1833333333333333,0.8666666666666667,0.1500000000000000,-0.8666666666666667,0.0166666666666667,-0.3333333333333333,0.3500000000000000,0.1333333333333333,0.4166666666666667,0.5000000000000000,0.4833333333333333,0.8000000000000000,0.4500000000000000,0.2333333333333333,-0.4166666666666667,0.7666666666666667,-0.5500000000000000,0.9666666666666667,-0.2166666666666667,0.9000000000000000,0.0500000000000000,0.1666666666666667,-0.5833333333333334,0.8333333333333334,-0.6500000000000000,1.0000000000000000,-0.2500000000000000,0.9000000000000000,0.0833333333333333,0.1333333333333333,-0.6166666666666667,0.8000000000000000,-0.6833333333333333,1.0000000000000000,-0.2833333333333333,0.9333333333333333,0.0500000000000000,0.0666666666666667,-0.5500000000000000,0.6000000000000000,-0.4833333333333333,0.8333333333333334,-0.1833333333333333,0.8666666666666667,0.1166666666666667
B,1.0000000000000000,0.0434782608695652,0.6173913043478261,0.0956521739130435,0.3739130434782609,0.0260869565217391,0.1826086956521739,-0.0086956521739130,0.0260869565217391,-0.0608695652173913,0.5478260869565217,-0.5478260869565217,0.1652173913043478,-0.6173913043478261,0.0260869565217391,-0.4434782608695652,0.0260869565217391,-0.2695652173913043,0.5826086956521739,-0.5304347826086957,0.1478260869565217,-0.6347826086956522,0.0086956521739130,-0.4260869565217391,0.0260869565217391,-0.2695652173913043,0.5826086956521739,-0.4434782608695652,0.1652173913043478,-0.5478260869565217,0.0434782608695652,-0.3565217391304348,0.0434782608695652,-0.2000000000000000,0.5652173913043478,-0.2869565217391304,0.2173913043478261,-0.3391304347826087,0.0956521739130435,-0.2173913043478261,0.0434782608695652,-0.0782608695652174,-1.0000000000000000,-0.0434782608695652,-0.7739130434782608,-0.1826086956521739,-0.5304347826086957,-0.3217391304347826,-0.3043478260869565,-0.3217391304347826,-0.1478260869565217,-0.3043478260869565,-0.6000000000000000,-0.6173913043478261,-0.2173913043478261,-0.5826086956521739,-0.0782608695652174,-0.3913043478260870,-0.0608695652173913,-0.2347826086956522,-0.6173913043478261,-0.5652173913043478,-0.1826086956521739,-0.5826086956521739,-0.0608695652173913,-0.3739130434782609,-0.0608695652173913,-0.2000000000000000,-0.6173913043478261,-0.4608695652173913,-0.2000000000000000,-0.4956521739130435,-0.0608695652173913,-0.3043478260869565,-0.0434782608695652,-0.1478260869565217,-0.5826086956521739,-0.2869565217391304,-0.2521739130434782,-0.3043478260869565,-0.1304347826086956,-0.1826086956521739,-0.0956521739130435,-0.0782608695652174
B,1.0000000000000000,-0.1192660550458716,0.6880733944954128,0.0275229357798165,0.4311926605504587,-0.0091743119266055,0.2293577981651376,-0.0275229357798165,0.0458715596330275,-0.0825688073394495,0.5045871559633027,-0.6146788990825688,0.1376146788990826,-0.6697247706422018,-0.0091743119266055,-0.4678899082568808,-0.0091743119266055,-0.3027522935779817,0.5229357798165137,-0.6146788990825688,0.1009174311926606,-0.6697247706422018,-0.0275229357798165,-0.4678899082568808,-0.0091743119266055,-0.3027522935779817,0.5412844036697247,-0.5229357798165137,0.1009174311926606,-0.5963302752293578,-0.0091743119266055,-0.3944954128440367,0.0091743119266055,-0.2293577981651376,0.5045871559633027,-0.3761467889908257,0.1926605504587156,-0.3577981651376147,0.0642201834862385,-0.2293577981651376,0.0458715596330275,-0.1009174311926606,-1.0000000000000000,0.1192660550458716,-0.7064220183486238,0.1192660550458716,-0.4678899082568808,0.0091743119266055,-0.2660550458715596,-0.0091743119266055,-0.1559633027522936,-0.0642201834862385,-0.6697247706422018,-0.5045871559633027,-0.3211009174311927,-0.5596330275229358,-0.1559633027522936,-0.3944954128440367,-0.1192660550458716,-0.2477064220183486,-0.6880733944954128,-0.5045871559633027,-0.3027522935779817,-0.5596330275229358,-0.1376146788990826,-0.3761467889908257,-0.1009174311926606,-0.2110091743119266,-0.6880733944954128,-0.4128440366972477,-0.3027522935779817,-0.4862385321100918,-0.1376146788990826,-0.3211009174311927,-0.0825688073394495,-0.1559633027522936,-0.6330275229357798,-0.2477064220183486,-0.3211009174311927,-0.3027522935779817,-0.1743119266055046,-0.1926605504587156,-0.1192660550458716,-0.0642201834862385
B,1.0000000000000000,-0.1308411214953271,0.6635514018691588,0.0186915887850467,0.4392523364485981,0.0000000000000000,0.2336448598130841,0.0000000000000000,0.0654205607476635,-0.0560747663551402,0.4392523364485981,-0.6355140186915887,0.0841121495327103,-0.6915887850467289,-0.0467289719626168,-0.4672897196261682,-0.0467289719626168,-0.2803738317757009,0.4579439252336449,-0.6542056074766355,0.0654205607476635,-0.6915887850467289,-0.0467289719626168,-0.4672897196261682,-0.0280373831775701,-0.2990654205607476,0.4953271028037383,-0.5794392523364486,0.1028037383177570,-0.6355140186915887,-0.0280373831775701,-0.4112149532710280,-0.0093457943925234,-0.2429906542056075,0.4766355140186916,-0.4299065420560748,0.1588785046728972,-0.4299065420560748,0.0280373831775701,-0.2803738317757009,0.0093457943925234,-0.1495327102803738,-1.0000000000000000,0.1308411214953271,-0.6635514018691588,0.1121495327102804,-0.4579439252336449,0.0373831775700935,-0.2710280373831775,0.0186915887850467,-0.1401869158878505,-0.0186915887850467,-0.6448598130841121,-0.5420560747663551,-0.2710280373831775,-0.5794392523364486,-0.1214953271028037,-0.3738317757009346,-0.1028037383177570,-0.2056074766355140,-0.6822429906542056,-0.5420560747663551,-0.2710280373831775,-0.5981308411214953,-0.1214953271028037,-0.3925233644859813,-0.1028037383177570,-0.2242990654205607,-0.6635514018691588,-0.4859813084112150,-0.2710280373831775,-0.5420560747663551,-0.1214953271028037,-0.3551401869158878,-0.1028037383177570,-0.1869158878504673,-0.6261682242990654,-0.3364485981308411,-0.2897196261682243,-0.3738317757009346,-0.1588785046728972,-0.2429906542056075,-0.1401869158878505,-0.1121495327102804
B,1.0000000000000000,-0.0366972477064220,0.6697247706422018,0.0733944954128440,0.3944954128440367,0.0550458715596330,0.2110091743119266,0.0183486238532110,0.0825688073394495,-0.0550458715596330,0.4128440366972477,-0.5321100917431193,0.1192660550458716,-0.6055045871559633,-0.0091743119266055,-0.4036697247706422,0.0275229357798165,-0.2201834862385321,0.4862385321100918,-0.6055045871559633,0.1376146788990826,-0.6605504587155964,0.0091743119266055,-0.4403669724770642,0.0458715596330275,-0.2752293577981652,0.5412844036697247,-0.5688073394495413,0.1926605504587156,-0.6605504587155964,0.0458715596330275,-0.4403669724770642,0.0642201834862385,-0.2752293577981652,0.5779816513761468,-0.4403669724770642,0.2660550458715596,-0.4587155963302753,0.1192660550458716,-0.3119266055045872,0.0642201834862385,-0.1651376146788991,-1.0000000000000000,0.0366972477064220,-0.5596330275229358,0.1284403669724771,-0.2844036697247707,0.0733944954128440,-0.0825688073394495,-0.0183486238532110,0.0091743119266055,-0.1100917431192661,-0.3761467889908257,-0.3486238532110092,-0.0458715596330275,-0.5137614678899083,0.0091743119266055,-0.3119266055045872,-0.0275229357798165,-0.1284403669724771,-0.4495412844036697,-0.4403669724770642,-0.0642201834862385,-0.5688073394495413,0.0275229357798165,-0.3302752293577982,-0.0091743119266055,-0.1284403669724771,-0.5229357798165137,-0.4403669724770642,-0.1376146788990826,-0.5688073394495413,-0.0275229357798165,-0.3486238532110092,-0.0275229357798165,-0.1284403669724771,-0.5596330275229358,-0.4036697247706422,-0.2660550458715596,-0.4220183486238532,-0.1192660550458716,-0.2752293577981652,-0.0825688073394495,-0.1100917431192661
B,1.0000000000000000,0.1456310679611650,0.6893203883495146,0.2233009708737864,0.4174757281553398,0.1650485436893204,0.2038834951456311,0.1067961165048544,0.0679611650485437,-0.0097087378640777,0.4563106796116505,-0.3398058252427185,0.2233009708737864,-0.4563106796116505,0.0679611650485437,-0.3203883495145631,0.0485436893203883,-0.1650485436893204,0.5145631067961165,-0.4174757281553398,0.2621359223300971,-0.5922330097087378,0.0873786407766990,-0.4563106796116505,0.0485436893203883,-0.3009708737864077,0.5728155339805825,-0.4368932038834951,0.3203883495145631,-0.6504854368932039,0.1262135922330097,-0.5145631067961165,0.0679611650485437,-0.3398058252427185,0.6116504854368932,-0.3980582524271845,0.3398058252427185,-0.4757281553398058,0.1456310679611650,-0.3786407766990291,0.0679611650485437,-0.2427184466019418,-1.0000000000000000,-0.1456310679611650,-0.6893203883495146,-0.0097087378640777,-0.4563106796116505,-0.0097087378640777,-0.2621359223300971,0.0291262135922330,-0.1067961165048544,-0.0291262135922330,-0.4174757281553398,-0.5533980582524272,-0.1262135922330097,-0.6310679611650486,-0.0097087378640777,-0.4368932038834951,-0.0291262135922330,-0.2621359223300971,-0.4757281553398058,-0.6310679611650486,-0.0873786407766990,-0.6699029126213593,0.0097087378640777,-0.4563106796116505,-0.0097087378640777,-0.2621359223300971,-0.4951456310679612,-0.6310679611650486,-0.1262135922330097,-0.6699029126213593,0.0097087378640777,-0.4368932038834951,-0.0097087378640777,-0.2427184466019418,-0.5145631067961165,-0.5533980582524272,-0.2038834951456311,-0.5533980582524272,-0.0679611650485437,-0.3786407766990291,-0.0485436893203883,-0.2427184466019418
B,0.5888888888888889,0.0888888888888889,0.4555555555555555,0.0222222222222222,0.4111111111111111,-0.1333333333333333,0.3666666666666666,-0.2222222222222222,0.3666666666666666,-0.2888888888888889,0.5888888888888889,-0.2888888888888889,0.5888888888888889,-0.4444444444444444,0.5888888888888889,-0.5777777777777777,0.6111111111111112,-0.6666666666666666,0.5888888888888889,-0.3111111111111111,0.6111111111111112,-0.4888888888888889,0.6111111111111112,-0.6222222222222222,0.6333333333333333,-0.7333333333333333,0.6111111111111112,-0.3111111111111111,0.6333333333333333,-0.4888888888888889,0.6333333333333333,-0.6222222222222222,0.6555555555555556,-0.7111111111111111,0.6111111111111112,-0.2888888888888889,0.6333333333333333,-0.4222222222222222,0.6555555555555556,-0.5111111111111111,0.6777777777777778,-0.6000000000000000,-0.5888888888888889,-0.0888888888888889,-0.3444444444444444,-0.1555555555555556,-0.1888888888888889,-0.2666666666666667,-0.0777777777777778,-0.3555555555555556,0.0111111111111111,-0.4222222222222222,-0.3000000000000000,-0.5333333333333333,-0.1666666666666667,-0.6222222222222222,-0.0555555555555556,-0.5777777777777777,0.0333333333333333,-0.5111111111111111,-0.3666666666666666,-0.5777777777777777,-0.3000000000000000,-0.8000000000000000,-0.2333333333333333,-0.9111111111111111,-0.1666666666666667,-1.0000000000000000,-0.4333333333333333,-0.5555555555555556,-0.3888888888888889,-0.7777777777777778,-0.3222222222222222,-0.9111111111111111,-0.2555555555555555,-1.0000000000000000,-0.4777777777777778,-0.4888888888888889,-0.5000000000000000,-0.6222222222222222,-0.4777777777777778,-0.7555555555555555,-0.4777777777777778,-0.8666666666666667
B,0.5681818181818182,-0.0909090909090909,0.4090909090909091,-0.1818181818181818,0.2954545454545455,-0.3181818181818182,0.1818181818181818,-0.3863636363636364,0.0681818181818182,-0.4545454545454545,0.3863636363636364,-0.5454545454545454,0.2500000000000000,-0.6363636363636364,0.1136363636363636,-0.6136363636363636,0.0227272727272727,-0.5681818181818182,0.4318181818181818,-0.5909090909090909,0.3636363636363636,-0.7727272727272727,0.3181818181818182,-0.9090909090909091,0.2954545454545455,-1.0000000000000000,0.5000000000000000,-0.5909090909090909,0.4545454545454545,-0.7954545454545454,0.4545454545454545,-0.9090909090909091,0.4545454545454545,-1.0000000000000000,0.5454545454545454,-0.5454545454545454,0.5454545454545454,-0.6818181818181818,0.5454545454545454,-0.7954545454545454,0.5454545454545454,-0.8636363636363636,-0.5681818181818182,0.0909090909090909,-0.3636363636363636,-0.0681818181818182,-0.2500000000000000,-0.2272727272727273,-0.1590909090909091,-0.3181818181818182,-0.0909090909090909,-0.4318181818181818,-0.4090909090909091,-0.4545454545454545,-0.2954545454545455,-0.5909090909090909,-0.1818181818181818,-0.5681818181818182,-0.0681818181818182,-0.5227272727272727,-0.4772727272727273,-0.5000000000000000,-0.4545454545454545,-0.7272727272727273,-0.4090909090909091,-0.8409090909090909,-0.3409090909090909,-0.9090909090909091,-0.5454545454545454,-0.4772727272727273,-0.5681818181818182,-0.7045454545454546,-0.5227272727272727,-0.8636363636363636,-0.4772727272727273,-0.9545454545454546,-0.6136363636363636,-0.4318181818181818,-0.6590909090909091,-0.6136363636363636,-0.6590909090909091,-0.7500000000000000,-0.6818181818181818,-0.8636363636363636
B,0.5925925925925926,-0.1358024691358025,0.4444444444444444,-0.1851851851851852,0.2962962962962963,-0.3086419753086420,0.1975308641975309,-0.3827160493827160,0.0987654320987654,-0.4320987654320987,0.3950617283950617,-0.5308641975308642,0.3703703703703703,-0.6790123456790124,0.3456790123456790,-0.8024691358024691,0.3209876543209876,-0.9012345679012346,0.4444444444444444,-0.5555555555555556,0.4197530864197531,-0.7283950617283951,0.3703703703703703,-0.8765432098765432,0.3456790123456790,-1.0000000000000000,0.5185185185185185,-0.5555555555555556,0.4938271604938271,-0.7283950617283951,0.4444444444444444,-0.8765432098765432,0.4197530864197531,-0.9753086419753086,0.5679012345679012,-0.5308641975308642,0.5679012345679012,-0.6790123456790124,0.5432098765432098,-0.8024691358024691,0.5432098765432098,-0.9012345679012346,-0.5925925925925926,0.1358024691358025,-0.3950617283950617,-0.0123456790123457,-0.2962962962962963,-0.1851851851851852,-0.1975308641975309,-0.3086419753086420,-0.1234567901234568,-0.4074074074074074,-0.4938271604938271,-0.4320987654320987,-0.4197530864197531,-0.5555555555555556,-0.3209876543209876,-0.6049382716049383,-0.2469135802469136,-0.6296296296296297,-0.5679012345679012,-0.4567901234567901,-0.5925925925925926,-0.6790123456790124,-0.5679012345679012,-0.8271604938271605,-0.5185185185185185,-0.9506172839506173,-0.6419753086419753,-0.4320987654320987,-0.6666666666666666,-0.6790123456790124,-0.6666666666666666,-0.8271604938271605,-0.6419753086419753,-0.9259259259259259,-0.6666666666666666,-0.3827160493827160,-0.7407407407407407,-0.5802469135802469,-0.7654320987654321,-0.7283950617283951,-0.7901234567901234,-0.8518518518518519
B,0.5681818181818182,0.0454545454545455,0.4090909090909091,-0.0681818181818182,0.2954545454545455,-0.2500000000000000,0.1818181818181818,-0.3636363636363636,0.1136363636363636,-0.4772727272727273,0.4318181818181818,-0.4772727272727273,0.3181818181818182,-0.5909090909090909,0.1818181818181818,-0.5909090909090909,0.0909090909090909,-0.5227272727272727,0.4772727272727273,-0.4772727272727273,0.4772727272727273,-0.7272727272727273,0.4318181818181818,-0.8863636363636364,0.3863636363636364,-1.0000000000000000,0.5454545454545454,-0.4318181818181818,0.5681818181818182,-0.7045454545454546,0.5909090909090909,-0.8409090909090909,0.6136363636363636,-0.9772727272727273,0.5909090909090909,-0.3409090909090909,0.6136363636363636,-0.5000000000000000,0.6363636363636364,-0.6136363636363636,0.6590909090909091,-0.7272727272727273,-0.5681818181818182,-0.0454545454545455,-0.3636363636363636,-0.1363636363636364,-0.2272727272727273,-0.2954545454545455,-0.1136363636363636,-0.3863636363636364,-0.0227272727272727,-0.4545454545454545,-0.3409090909090909,-0.5454545454545454,-0.2045454545454546,-0.6363636363636364,-0.1136363636363636,-0.5909090909090909,-0.0454545454545455,-0.5227272727272727,-0.4318181818181818,-0.5681818181818182,-0.3863636363636364,-0.7954545454545454,-0.3181818181818182,-0.9090909090909091,-0.2727272727272727,-1.0000000000000000,-0.5000000000000000,-0.5454545454545454,-0.5227272727272727,-0.7500000000000000,-0.5000000000000000,-0.8863636363636364,-0.4772727272727273,-1.0000000000000000,-0.5681818181818182,-0.4545454545454545,-0.5681818181818182,-0.6136363636363636,-0.5681818181818182,-0.7045454545454546,-0.5454545454545454,-0.8181818181818182
B,0.7500000000000000,0.0263157894736842,0.4342105263157895,-0.1052631578947368,0.2500000000000000,-0.2894736842105263,0.0657894736842105,-0.3947368421052632,-0.0394736842105263,-0.5000000000000000,0.6447368421052632,-0.7368421052631579,0.3289473684210527,-0.9473684210526315,0.1184210526315789,-0.8421052631578947,0.0131578947368421,-0.6842105263157895,0.6973684210526315,-0.7368421052631579,0.3289473684210527,-1.0000000000000000,0.0921052631578947,-0.8684210526315790,0.0131578947368421,-0.7105263157894737,0.6973684210526315,-0.6842105263157895,0.3289473684210527,-0.9473684210526315,0.0921052631578947,-0.8421052631578947,0.0131578947368421,-0.6842105263157895,0.6184210526315790,-0.5789473684210527,0.3289473684210527,-0.7631578947368421,0.1710526315789474,-0.7105263157894737,0.0657894736842105,-0.6052631578947368,-0.7500000000000000,-0.0263157894736842,-0.5131578947368421,-0.1578947368421053,-0.3552631578947368,-0.3157894736842105,-0.1973684210526316,-0.4210526315789473,-0.1184210526315789,-0.5526315789473685,-0.7500000000000000,-0.7631578947368421,-0.5131578947368421,-0.9473684210526315,-0.2763157894736842,-0.8684210526315790,-0.1184210526315789,-0.7368421052631579,-0.8026315789473685,-0.7631578947368421,-0.5131578947368421,-0.9736842105263158,-0.2500000000000000,-0.8684210526315790,-0.1184210526315789,-0.7368421052631579,-0.8026315789473685,-0.7105263157894737,-0.4868421052631579,-0.9210526315789473,-0.2500000000000000,-0.8421052631578947,-0.1447368421052632,-0.7105263157894737,-0.7236842105263158,-0.5789473684210527,-0.4342105263157895,-0.7105263157894737,-0.2500000000000000,-0.6578947368421053,-0.1447368421052632,-0.5526315789473685
B,0.6623376623376623,0.0649350649350649,0.4805194805194805,-0.0389610389610390,0.3766233766233766,-0.2207792207792208,0.2727272727272727,-0.3246753246753247,0.1948051948051948,-0.4285714285714285,0.5064935064935064,-0.4285714285714285,0.4025974025974026,-0.5844155844155844,0.2727272727272727,-0.5844155844155844,0.1688311688311688,-0.5844155844155844,0.5844155844155844,-0.4285714285714285,0.5844155844155844,-0.6883116883116883,0.5584415584415584,-0.8441558441558441,0.5584415584415584,-1.0000000000000000,0.6363636363636364,-0.4025974025974026,0.6883116883116883,-0.6623376623376623,0.7142857142857143,-0.8181818181818182,0.7142857142857143,-0.9220779220779221,0.7142857142857143,-0.3506493506493507,0.7402597402597403,-0.5324675324675324,0.7662337662337663,-0.6623376623376623,0.7922077922077922,-0.7662337662337663,-0.6623376623376623,-0.0649350649350649,-0.4545454545454545,-0.1428571428571428,-0.2727272727272727,-0.2727272727272727,-0.1428571428571428,-0.3766233766233766,-0.0649350649350649,-0.4805194805194805,-0.3766233766233766,-0.5064935064935064,-0.2727272727272727,-0.6363636363636364,-0.1688311688311688,-0.6363636363636364,-0.0649350649350649,-0.5584415584415584,-0.4545454545454545,-0.5324675324675324,-0.4025974025974026,-0.7142857142857143,-0.2727272727272727,-0.7662337662337663,-0.1688311688311688,-0.7662337662337663,-0.5324675324675324,-0.5324675324675324,-0.5064935064935064,-0.7402597402597403,-0.4285714285714285,-0.8181818181818182,-0.3766233766233766,-0.8701298701298701,-0.6363636363636364,-0.4805194805194805,-0.6623376623376623,-0.6103896103896104,-0.6363636363636364,-0.7142857142857143,-0.6103896103896104,-0.7922077922077922
B,0.6265060240963856,0.1084337349397590,0.4337349397590362,-0.0361445783132530,0.3373493975903614,-0.2048192771084337,0.2168674698795181,-0.3253012048192771,0.1445783132530120,-0.4216867469879518,0.5060240963855421,-0.4698795180722892,0.3614457831325301,-0.5903614457831325,0.2409638554216867,-0.5662650602409639,0.1445783132530120,-0.5421686746987951,0.5783132530120482,-0.4698795180722892,0.5542168674698795,-0.7349397590361446,0.4819277108433735,-0.8795180722891566,0.4337349397590362,-1.0000000000000000,0.6506024096385542,-0.4216867469879518,0.6987951807228916,-0.6626506024096386,0.6987951807228916,-0.8313253012048193,0.6987951807228916,-0.9518072289156626,0.6506024096385542,-0.3012048192771085,0.7228915662650602,-0.4698795180722892,0.7469879518072289,-0.5662650602409639,0.7469879518072289,-0.6867469879518072,-0.6265060240963856,-0.1084337349397590,-0.3855421686746988,-0.1566265060240964,-0.2168674698795181,-0.2530120481927711,-0.0963855421686747,-0.3493975903614458,0.0000000000000000,-0.4457831325301205,-0.2650602409638554,-0.4698795180722892,-0.1204819277108434,-0.5662650602409639,-0.0722891566265060,-0.5662650602409639,-0.0722891566265060,-0.5180722891566265,-0.3373493975903614,-0.5180722891566265,-0.1927710843373494,-0.6144578313253012,-0.1445783132530120,-0.5903614457831325,-0.1445783132530120,-0.5662650602409639,-0.4096385542168675,-0.5421686746987951,-0.2650602409638554,-0.6385542168674698,-0.2168674698795181,-0.6144578313253012,-0.2168674698795181,-0.5903614457831325,-0.4819277108433735,-0.5421686746987951,-0.4096385542168675,-0.6626506024096386,-0.3614457831325301,-0.6867469879518072,-0.3614457831325301,-0.7108433734939759
B,1.0000000000000000,-0.0350877192982456,0.8245614035087719,-0.2105263157894737,0.6491228070175439,-0.4210526315789473,0.4736842105263158,-0.5964912280701754,0.2982456140350877,-0.6666666666666666,0.7192982456140351,-0.7017543859649122,0.3684210526315789,-0.8771929824561403,0.1578947368421053,-0.7719298245614035,0.0526315789473684,-0.6666666666666666,0.7192982456140351,-0.6666666666666666,0.3333333333333333,-0.7719298245614035,0.1228070175438596,-0.7017543859649122,0.0175438596491228,-0.5614035087719298,0.6842105263157895,-0.5614035087719298,0.3333333333333333,-0.6666666666666666,0.1228070175438596,-0.5964912280701754,0.0526315789473684,-0.4912280701754386,0.6491228070175439,-0.3859649122807017,0.3684210526315789,-0.4912280701754386,0.1929824561403509,-0.4561403508771930,0.1228070175438596,-0.3859649122807017,-1.0000000000000000,0.0350877192982456,-0.6491228070175439,-0.0701754385964912,-0.3684210526315789,-0.2105263157894737,-0.1578947368421053,-0.2807017543859649,-0.0526315789473684,-0.3508771929824561,-0.6140350877192983,-0.7017543859649122,-0.2280701754385965,-0.8421052631578947,-0.0526315789473684,-0.6315789473684210,-0.0526315789473684,-0.4561403508771930,-0.6491228070175439,-0.6666666666666666,-0.2280701754385965,-0.8070175438596491,-0.0526315789473684,-0.5964912280701754,-0.0526315789473684,-0.4210526315789473,-0.6140350877192983,-0.5614035087719298,-0.2631578947368421,-0.7017543859649122,-0.0877192982456140,-0.4912280701754386,-0.1228070175438596,-0.3508771929824561,-0.5789473684210527,-0.3859649122807017,-0.2982456140350877,-0.4912280701754386,-0.1578947368421053,-0.3508771929824561,-0.1929824561403509,-0.2456140350877193
B,1.0000000000000000,0.0175438596491228,0.7543859649122807,-0.1578947368421053,0.5438596491228070,-0.3333333333333333,0.3684210526315789,-0.4385964912280702,0.1929824561403509,-0.5087719298245614,0.6842105263157895,-0.6842105263157895,0.2982456140350877,-0.7894736842105263,0.0877192982456140,-0.6842105263157895,0.0175438596491228,-0.5438596491228070,0.6842105263157895,-0.5789473684210527,0.2631578947368421,-0.6842105263157895,0.0877192982456140,-0.5789473684210527,0.0175438596491228,-0.4736842105263158,0.6491228070175439,-0.4385964912280702,0.2631578947368421,-0.5438596491228070,0.0877192982456140,-0.4736842105263158,0.0175438596491228,-0.3333333333333333,0.6140350877192983,-0.2982456140350877,0.3333333333333333,-0.3684210526315789,0.1228070175438596,-0.3684210526315789,0.0175438596491228,-0.2982456140350877,-1.0000000000000000,-0.0175438596491228,-0.7543859649122807,-0.0175438596491228,-0.5087719298245614,-0.1228070175438596,-0.3333333333333333,-0.1578947368421053,-0.1929824561403509,-0.2280701754385965,-0.5789473684210527,-0.5438596491228070,-0.2982456140350877,-0.6842105263157895,-0.1578947368421053,-0.5789473684210527,-0.1228070175438596,-0.4385964912280702,-0.6140350877192983,-0.5438596491228070,-0.2982456140350877,-0.7192982456140351,-0.1578947368421053,-0.5789473684210527,-0.1578947368421053,-0.4385964912280702,-0.6140350877192983,-0.5087719298245614,-0.2982456140350877,-0.6140350877192983,-0.1578947368421053,-0.4736842105263158,-0.1578947368421053,-0.3333333333333333,-0.5789473684210527,-0.4035087719298245,-0.3333333333333333,-0.4385964912280702,-0.2280701754385965,-0.3333333333333333,-0.2280701754385965,-0.2280701754385965
B,1.0000000000000000,-0.0943396226415094,0.6981132075471698,-0.2075471698113208,0.4339622641509434,-0.3962264150943396,0.2452830188679245,-0.5094339622641509,0.0943396226415094,-0.5849056603773585,0.6226415094339622,-0.9245283018867925,0.2075471698113208,-1.0000000000000000,0.0188679245283019,-0.8490566037735849,-0.0566037735849057,-0.6981132075471698,0.6603773584905660,-0.8867924528301887,0.2452830188679245,-0.9622641509433962,0.0566037735849057,-0.8113207547169812,-0.0188679245283019,-0.6603773584905660,0.6603773584905660,-0.7735849056603774,0.2830188679245283,-0.8113207547169812,0.0566037735849057,-0.6981132075471698,-0.0188679245283019,-0.5471698113207547,0.6603773584905660,-0.5849056603773585,0.3207547169811321,-0.6226415094339622,0.1320754716981132,-0.5849056603773585,0.0188679245283019,-0.5094339622641509,-1.0000000000000000,0.0943396226415094,-0.6603773584905660,-0.0566037735849057,-0.4339622641509434,-0.2452830188679245,-0.2452830188679245,-0.3584905660377358,-0.1320754716981132,-0.4339622641509434,-0.7735849056603774,-0.6981132075471698,-0.3962264150943396,-0.8867924528301887,-0.2075471698113208,-0.6981132075471698,-0.1698113207547170,-0.5471698113207547,-0.8113207547169812,-0.6603773584905660,-0.3962264150943396,-0.8490566037735849,-0.2075471698113208,-0.6603773584905660,-0.1698113207547170,-0.5094339622641509,-0.7735849056603774,-0.5471698113207547,-0.3962264150943396,-0.7358490566037735,-0.2075471698113208,-0.5471698113207547,-0.2075471698113208,-0.4339622641509434,-0.6981132075471698,-0.3962264150943396,-0.3962264150943396,-0.5094339622641509,-0.2452830188679245,-0.4339622641509434,-0.2452830188679245,-0.2830188679245283
B,0.7600000000000000,-0.1600000000000000,0.4800000000000000,-0.2400000000000000,0.2400000000000000,-0.4000000000000000,0.0800000000000000,-0.4800000000000000,0.0000000000000000,-0.6000000000000000,0.4800000000000000,-0.8800000000000000,0.2000000000000000,-1.0000000000000000,0.0400000000000000,-0.8000000000000000,0.0400000000000000,-0.6400000000000000,0.5200000000000000,-0.8800000000000000,0.2400000000000000,-1.0000000000000000,0.0800000000000000,-0.8400000000000000,0.0800000000000000,-0.6800000000000000,0.5200000000000000,-0.8400000000000000,0.2800000000000000,-0.9600000000000000,0.1200000000000000,-0.8000000000000000,0.1200000000000000,-0.6400000000000000,0.5200000000000000,-0.7600000000000000,0.2800000000000000,-0.8800000000000000,0.1600000000000000,-0.8000000000000000,0.1600000000000000,-0.6400000000000000,-0.7600000000000000,0.1600000000000000,-0.4800000000000000,0.0000000000000000,-0.3200000000000000,-0.2000000000000000,-0.1600000000000000,-0.3600000000000000,-0.1200000000000000,-0.4400000000000000,-0.4000000000000000,-0.4800000000000000,-0.2400000000000000,-0.6800000000000000,-0.1600000000000000,-0.6400000000000000,-0.1600000000000000,-0.5200000000000000,-0.4800000000000000,-0.4800000000000000,-0.2800000000000000,-0.6800000000000000,-0.2000000000000000,-0.6000000000000000,-0.2000000000000000,-0.5200000000000000,-0.5200000000000000,-0.4800000000000000,-0.3200000000000000,-0.6400000000000000,-0.2400000000000000,-0.5600000000000001,-0.2800000000000000,-0.4800000000000000,-0.5600000000000001,-0.4400000000000000,-0.4000000000000000,-0.5600000000000001,-0.3200000000000000,-0.5200000000000000,-0.3600000000000000,-0.4800000000000000
B,0.3596491228070176,-0.0175438596491228,0.2368421052631579,-0.1228070175438596,0.1491228070175439,-0.2631578947368421,0.0789473684210526,-0.3684210526315789,0.0263157894736842,-0.4561403508771930,0.2719298245614035,-0.4736842105263158,0.1666666666666667,-0.5964912280701754,0.0789473684210526,-0.5614035087719298,0.0087719298245614,-0.5263157894736842,0.2894736842105263,-0.4912280701754386,0.2543859649122807,-0.7192982456140351,0.2192982456140351,-0.8771929824561403,0.1842105263157895,-1.0000000000000000,0.3245614035087719,-0.4736842105263158,0.3245614035087719,-0.7017543859649122,0.3070175438596491,-0.8421052631578947,0.3070175438596491,-0.9473684210526315,0.3596491228070176,-0.4210526315789473,0.3771929824561404,-0.5789473684210527,0.3771929824561404,-0.6666666666666666,0.3771929824561404,-0.7543859649122807,-0.3596491228070176,0.0175438596491228,-0.2192982456140351,-0.0877192982456140,-0.1491228070175439,-0.2280701754385965,-0.0789473684210526,-0.3157894736842105,-0.0263157894736842,-0.4210526315789473,-0.2719298245614035,-0.4561403508771930,-0.1842105263157895,-0.5614035087719298,-0.0789473684210526,-0.5263157894736842,-0.0087719298245614,-0.4736842105263158,-0.3070175438596491,-0.4736842105263158,-0.3070175438596491,-0.7017543859649122,-0.2543859649122807,-0.8596491228070176,-0.2192982456140351,-0.9649122807017544,-0.3421052631578947,-0.4561403508771930,-0.3771929824561404,-0.7017543859649122,-0.3421052631578947,-0.8421052631578947,-0.3245614035087719,-0.9649122807017544,-0.3421052631578947,-0.4035087719298245,-0.3947368421052632,-0.5789473684210527,-0.4122807017543860,-0.7192982456140351,-0.4122807017543860,-0.8245614035087719
B,0.3809523809523809,-0.1047619047619048,0.2476190476190476,-0.1619047619047619,0.1333333333333333,-0.2952380952380952,0.0380952380952381,-0.3904761904761905,-0.0190476190476190,-0.4666666666666667,0.2095238095238095,-0.5047619047619047,0.1142857142857143,-0.6190476190476191,0.0190476190476190,-0.6190476190476191,-0.0571428571428571,-0.5809523809523810,0.2476190476190476,-0.5238095238095238,0.1714285714285714,-0.7333333333333333,0.1142857142857143,-0.8857142857142857,0.0571428571428571,-1.0000000000000000,0.2857142857142857,-0.5047619047619047,0.2476190476190476,-0.7333333333333333,0.2095238095238095,-0.8857142857142857,0.1904761904761905,-1.0000000000000000,0.3047619047619048,-0.4666666666666667,0.3047619047619048,-0.6190476190476191,0.2857142857142857,-0.7333333333333333,0.2857142857142857,-0.8285714285714286,-0.3809523809523809,0.1047619047619048,-0.2476190476190476,-0.0666666666666667,-0.1904761904761905,-0.2190476190476190,-0.1333333333333333,-0.3333333333333333,-0.0952380952380952,-0.4476190476190476,-0.3428571428571429,-0.4285714285714285,-0.2666666666666667,-0.5619047619047619,-0.1714285714285714,-0.5619047619047619,-0.0952380952380952,-0.5047619047619047,-0.4000000000000000,-0.4476190476190476,-0.4190476190476191,-0.6952380952380952,-0.4000000000000000,-0.8476190476190476,-0.3619047619047619,-0.9619047619047619,-0.4380952380952381,-0.4285714285714285,-0.4761904761904762,-0.6571428571428571,-0.4571428571428571,-0.8285714285714286,-0.4571428571428571,-0.9428571428571428,-0.4571428571428571,-0.3714285714285714,-0.4952380952380953,-0.5238095238095238,-0.5142857142857142,-0.6380952380952380,-0.5142857142857142,-0.7333333333333333
B,0.6612903225806451,-0.1290322580645161,0.5645161290322581,-0.2903225806451613,0.4677419354838709,-0.5161290322580645,0.3709677419354839,-0.6451612903225806,0.2741935483870968,-0.7419354838709677,0.5000000000000000,-0.6129032258064516,0.3387096774193548,-0.8387096774193549,0.1774193548387097,-0.9032258064516129,0.0806451612903226,-0.8709677419354839,0.5000000000000000,-0.5806451612903226,0.2741935483870968,-0.8064516129032258,0.1129032258064516,-0.8064516129032258,0.0161290322580645,-0.7419354838709677,0.4677419354838709,-0.4838709677419355,0.2741935483870968,-0.7096774193548387,0.1129032258064516,-0.6774193548387096,0.0161290322580645,-0.6129032258064516,0.4354838709677419,-0.3870967741935484,0.2741935483870968,-0.5483870967741935,0.1451612903225807,-0.5806451612903226,0.0483870967741935,-0.5483870967741935,-0.6612903225806451,0.1290322580645161,-0.4354838709677419,-0.0645161290322581,-0.2741935483870968,-0.3225806451612903,-0.1774193548387097,-0.5161290322580645,-0.1451612903225807,-0.7096774193548387,-0.5000000000000000,-0.6129032258064516,-0.3387096774193548,-0.9032258064516129,-0.2096774193548387,-1.0000000000000000,-0.1129032258064516,-1.0000000000000000,-0.5322580645161290,-0.5806451612903226,-0.3709677419354839,-0.8709677419354839,-0.2096774193548387,-0.9354838709677419,-0.0806451612903226,-0.9677419354838710,-0.5000000000000000,-0.5161290322580645,-0.3387096774193548,-0.7741935483870968,-0.2096774193548387,-0.8387096774193549,-0.1129032258064516,-0.8387096774193549,-0.4677419354838709,-0.4193548387096774,-0.3064516129032258,-0.6129032258064516,-0.2096774193548387,-0.6774193548387096,-0.1129032258064516,-0.6774193548387096
B,0.4424242424242424,0.1636363636363636,0.2363636363636364,-0.0545454545454545,0.1636363636363636,-0.2484848484848485,0.0909090909090909,-0.3575757575757576,0.0424242424242424,-0.4545454545454545,0.5151515151515151,-0.5272727272727272,0.3333333333333333,-0.7818181818181819,0.1636363636363636,-0.7090909090909091,0.1030303030303030,-0.5757575757575758,0.5393939393939394,-0.5151515151515151,0.3333333333333333,-0.8303030303030303,0.1515151515151515,-0.7333333333333333,0.1030303030303030,-0.5878787878787879,0.5151515151515151,-0.4787878787878788,0.3454545454545455,-0.7939393939393939,0.1636363636363636,-0.7090909090909091,0.1151515151515152,-0.5636363636363636,0.4424242424242424,-0.4060606060606061,0.2969696969696970,-0.6484848484848484,0.1757575757575758,-0.6000000000000000,0.1393939393939394,-0.4787878787878788,-0.4424242424242424,-0.1636363636363636,-0.1515151515151515,-0.2727272727272727,-0.0181818181818182,-0.4181818181818182,0.0666666666666667,-0.5272727272727272,0.1030303030303030,-0.5757575757575758,-0.2121212121212121,-0.7575757575757576,-0.0666666666666667,-1.0000000000000000,0.0303030303030303,-0.8545454545454545,0.0545454545454545,-0.7212121212121212,-0.2848484848484849,-0.7454545454545455,-0.1030303030303030,-1.0000000000000000,0.0181818181818182,-0.8424242424242424,0.0303030303030303,-0.6969696969696970,-0.3212121212121212,-0.6848484848484848,-0.1272727272727273,-0.9030303030303031,0.0060606060606061,-0.7575757575757576,0.0303030303030303,-0.6121212121212121,-0.3333333333333333,-0.5636363636363636,-0.1272727272727273,-0.6606060606060606,-0.0060606060606061,-0.5636363636363636,0.0424242424242424,-0.4545454545454545
B,0.5492957746478874,0.1267605633802817,0.3521126760563380,-0.0422535211267606,0.2112676056338028,-0.2394366197183098,0.1267605633802817,-0.3802816901408451,0.0704225352112676,-0.4647887323943662,0.5211267605633803,-0.6056338028169014,0.3521126760563380,-0.8309859154929577,0.1830985915492958,-0.7746478873239436,0.0985915492957746,-0.6901408450704225,0.5492957746478874,-0.5774647887323944,0.3521126760563380,-0.8309859154929577,0.1830985915492958,-0.7464788732394366,0.1267605633802817,-0.6338028169014085,0.5211267605633803,-0.5211267605633803,0.3239436619718310,-0.7183098591549296,0.1830985915492958,-0.6056338028169014,0.1830985915492958,-0.4647887323943662,0.4929577464788732,-0.4366197183098591,0.3239436619718310,-0.6056338028169014,0.2394366197183098,-0.5492957746478874,0.2112676056338028,-0.4366197183098591,-0.5492957746478874,-0.1267605633802817,-0.2957746478873239,-0.2394366197183098,-0.1549295774647887,-0.3802816901408451,-0.0422535211267606,-0.4929577464788732,-0.0140845070422535,-0.5492957746478874,-0.3521126760563380,-0.8028169014084507,-0.1830985915492958,-0.9718309859154930,-0.0422535211267606,-0.8591549295774648,0.0140845070422535,-0.6901408450704225,-0.4084507042253521,-0.8028169014084507,-0.2112676056338028,-1.0000000000000000,-0.0140845070422535,-0.8873239436619719,0.0140845070422535,-0.7183098591549296,-0.4084507042253521,-0.7183098591549296,-0.2112676056338028,-0.9154929577464789,-0.0422535211267606,-0.8309859154929577,0.0140845070422535,-0.6901408450704225,-0.3802816901408451,-0.6338028169014085,-0.1830985915492958,-0.7183098591549296,-0.0422535211267606,-0.6338028169014085,-0.0140845070422535,-0.5492957746478874
B,0.4520547945205479,0.0547945205479452,0.2602739726027397,0.0547945205479452,0.0684931506849315,0.0547945205479452,-0.0958904109589041,0.0547945205479452,-0.2602739726027397,0.0547945205479452,-0.0958904109589041,0.0547945205479452,-0.2876712328767123,0.0000000000000000,-0.4246575342465753,-0.0547945205479452,-0.5616438356164384,-0.0547945205479452,-0.1232876712328767,0.0547945205479452,-0.3424657534246575,-0.0273972602739726,-0.4794520547945205,-0.0547945205479452,-0.6164383561643836,-0.0547945205479452,-0.1232876712328767,0.0547945205479452,-0.3150684931506849,-0.0273972602739726,-0.4520547945205479,-0.0821917808219178,-0.5890410958904110,-0.0821917808219178,-0.0958904109589041,0.0821917808219178,-0.2328767123287671,0.0000000000000000,-0.3150684931506849,-0.0547945205479452,-0.3972602739726027,-0.0821917808219178,-0.4520547945205479,-0.0547945205479452,-0.6164383561643836,-0.0547945205479452,-0.7534246575342466,-0.0273972602739726,-0.9178082191780822,0.0000000000000000,-1.0000000000000000,0.0273972602739726,-0.6712328767123288,-0.1095890410958904,-0.7534246575342466,-0.0821917808219178,-0.7534246575342466,-0.0547945205479452,-0.7808219178082192,-0.0273972602739726,-0.5890410958904110,-0.1095890410958904,-0.5616438356164384,-0.0821917808219178,-0.5068493150684932,-0.0547945205479452,-0.4794520547945205,-0.0273972602739726,-0.4794520547945205,-0.0821917808219178,-0.3972602739726027,-0.0547945205479452,-0.3150684931506849,-0.0273972602739726,-0.2328767123287671,0.0273972602739726,-0.3698630136986301,-0.0547945205479452,-0.2876712328767123,-0.0273972602739726,-0.2328767123287671,0.0273972602739726,-0.1780821917808219,0.0547945205479452
B,0.7777777777777778,0.1388888888888889,0.5000000000000000,-0.0833333333333333,0.3055555555555556,-0.2777777777777778,0.1388888888888889,-0.4166666666666667,0.0277777777777778,-0.5277777777777778,0.7777777777777778,-0.6944444444444444,0.4444444444444444,-0.9166666666666666,0.1944444444444444,-0.8333333333333334,0.0555555555555556,-0.7222222222222222,0.8055555555555556,-0.6666666666666666,0.4444444444444444,-0.9166666666666666,0.1666666666666667,-0.8611111111111112,0.0555555555555556,-0.7222222222222222,0.8055555555555556,-0.6111111111111112,0.4166666666666667,-0.8333333333333334,0.1944444444444444,-0.7500000000000000,0.0833333333333333,-0.5833333333333334,0.7222222222222222,-0.5000000000000000,0.4444444444444444,-0.6944444444444444,0.2500000000000000,-0.6666666666666666,0.1388888888888889,-0.5833333333333334,-0.7777777777777778,-0.1388888888888889,-0.5277777777777778,-0.2222222222222222,-0.3333333333333333,-0.3888888888888889,-0.1944444444444444,-0.5000000000000000,-0.1111111111111111,-0.6111111111111112,-0.5833333333333334,-0.8055555555555556,-0.3611111111111111,-0.9444444444444444,-0.1666666666666667,-0.8611111111111112,-0.0555555555555556,-0.6944444444444444,-0.6388888888888888,-0.8333333333333334,-0.3888888888888889,-1.0000000000000000,-0.1666666666666667,-0.8888888888888888,-0.0555555555555556,-0.7222222222222222,-0.6666666666666666,-0.8055555555555556,-0.3888888888888889,-0.9722222222222222,-0.1944444444444444,-0.8888888888888888,-0.0833333333333333,-0.7222222222222222,-0.6388888888888888,-0.7222222222222222,-0.3888888888888889,-0.7777777777777778,-0.2222222222222222,-0.7222222222222222,-0.1111111111111111,-0.6388888888888888
C,0.0000000000000000,0.0000000000000000,0.3197674418604651,0.0319767441860465,0.6104651162790697,-0.0639534883720930,0.8197674418604651,-0.1162790697674419,1.0000000000000000,-0.1831395348837209,0.3895348837209303,-0.5000000000000000,0.5087209302325582,-0.7703488372093024,0.6569767441860465,-0.7877906976744186,0.7645348837209303,-0.7529069767441861,0.3081395348837209,-0.5436046511627907,0.4593023255813953,-0.8023255813953488,0.6511627906976745,-0.8081395348837209,0.7761627906976745,-0.7470930232558139,0.2732558139534884,-0.5552325581395349,0.4273255813953488,-0.7674418604651163,0.5988372093023255,-0.7790697674418605,0.7122093023255814,-0.7470930232558139,0.2790697674418605,-0.5523255813953488,0.4360465116279070,-0.7093023255813954,0.5697674418604651,-0.7354651162790697,0.6627906976744186,-0.7296511627906976,0.0000000000000000,0.0000000000000000,0.0000000000000000,0.0000000000000000,0.0000000000000000,0.0000000000000000,0.0000000000000000,0.0000000000000000,0.0000000000000000,0.0000000000000000,0.0000000000000000,0.0000000000000000,0.0000000000000000,0.0000000000000000,0.0000000000000000,0.0000000000000000,0.0000000000000000,0.0000000000000000,0.0000000000000000,0.0000000000000000,0.0000000000000000,0.0000000000000000,0.0000000000000000,0.0000000000000000,0.0000000000000000,0.0000000000000000,0.0000000000000000,0.0000000000000000,0.0000000000000000,0.0000000000000000,0.0000000000000000,0.0000000000000000,0.0000000000000000,0.0000000000000000,0.0000000000000000,0.0000000000000000,0.0000000000000000,0.0000000000000000,0.0000000000000000,0.0000000000000000,0.0000000000000000,0.0000000000000000
C,0.0000000000000000,0.0000000000000000,0.0000000000000000,0.0000000000000000,0.0000000000000000,0.0000000000000000,0.0000000000000000,0.0000000000000000,0.0000000000000000,0.0000000000000000,0.0000000000000000,0.0000000000000000,0.0000000000000000,0.0000000000000000,0.0000000000000000,0.0000000000000000,0.0000000000000000,0.0000000000000000,0.0000000000000000,0.0000000000000000,0.0000000000000000,0.0000000000000000,0.0000000000000000,0.0000000000000000,0.0000000000000000,0.0000000000000000,0.0000000000000000,0.0000000000000000,0.0000000000000000,0.0000000000000000,0.0000000000000000,0.0000000000000000,0.0000000000000000,0.0000000000000000,0.0000000000000000,0.0000000000000000,0.0000000000000000,0.0000000000000000,0.0000000000000000,0.0000000000000000,0.0000000000000000,0.0000000000000000,0.0000000000000000,0.0000000000000000,0.0424242424242424,-0.2181818181818182,0.1727272727272727,-0.4363636363636363,0.3000000000000000,-0.6424242424242425,0.3969696969696970,-0.7969696969696970,0.4181818181818182,-0.0575757575757576,0.6878787878787879,-0.1575757575757576,0.8666666666666667,-0.2575757575757576,0.9939393939393939,-0.3545454545454546,0.4575757575757576,0.0424242424242424,0.7272727272727273,-0.0787878787878788,0.8909090909090909,-0.2151515151515151,1.0000000000000000,-0.3333333333333333,0.4757575757575758,0.0969696969696970,0.7090909090909091,-0.0333333333333333,0.8606060606060606,-0.1727272727272727,0.9757575757575757,-0.2939393939393939,0.4787878787878788,0.1121212121212121,0.6818181818181818,0.0030303030303030,0.8151515151515152,-0.1030303030303030,0.9151515151515152,-0.2030303030303030
C,0.0000000000000000,0.0000000000000000,0.0000000000000000,0.0000000000000000,0.0000000000000000,0.0000000000000000,0.0000000000000000,0.0000000000000000,0.0000000000000000,0.0000000000000000,0.0000000000000000,0.0000000000000000,0.0000000000000000,0.0000000000000000,0.0000000000000000,0.0000000000000000,0.0000000000000000,0.0000000000000000,0.0000000000000000,0.0000000000000000,0.0000000000000000,0.0000000000000000,0.0000000000000000,0.0000000000000000,0.0000000000000000,0.0000000000000000,0.0000000000000000,0.0000000000000000,0.0000000000000000,0.0000000000000000,0.0000000000000000,0.0000000000000000,0.0000000000000000,0.0000000000000000,0.0000000000000000,0.0000000000000000,0.0000000000000000,0.0000000000000000,0.0000000000000000,0.0000000000000000,0.0000000000000000,0.0000000000000000,0.0000000000000000,0.0000000000000000,0.3676470588235294,-0.0441176470588235,0.6029411764705882,-0.2058823529411765,0.8088235294117647,-0.2794117647058824,0.9852941176470589,-0.3235294117647059,0.3235294117647059,-0.7205882352941176,0.5588235294117647,-0.9558823529411765,0.7794117647058824,-1.0000000000000000,0.9411764705882353,-0.9705882352941176,0.2500000000000000,-0.6911764705882353,0.7058823529411765,-0.5735294117647058,0.6470588235294118,-0.3970588235294117,0.5294117647058824,-0.3382352941176471,0.2352941176470588,-0.5882352941176471,0.6470588235294118,-0.3970588235294117,0.5735294117647058,-0.2352941176470588,0.4558823529411765,-0.2058823529411765,0.2500000000000000,-0.4411764705882353,0.5735294117647058,-0.2794117647058824,0.5147058823529411,-0.1470588235294118,0.4117647058823529,-0.1176470588235294
C,0.0000000000000000,0.0000000000000000,0.0000000000000000,0.0000000000000000,0.0000000000000000,0.0000000000000000,0.0000000000000000,0.0000000000000000,0.0000000000000000,0.0000000000000000,0.0000000000000000,0.0000000000000000,0.0000000000000000,0.0000000000000000,0.0000000000000000,0.0000000000000000,0.0000000000000000,0.0000000000000000,0.0000000000000000,0.0000000000000000,0.0000000000000000,0.0000000000000000,0.0000000000000000,0.0000000000000000,0.0000000000000000,0.0000000000000000,0.0000000000000000,0.0000000000000000,0.0000000000000000,0.0000000000000000,0.0000000000000000,0.0000000000000000,0.0000000000000000,0.0000000000000000,0.0000000000000000,0.0000000000000000,0.0000000000000000,0.0000000000000000,0.0000000000000000,0.0000000000000000,0.0000000000000000,0.0000000000000000,0.0000000000000000,0.0000000000000000,0.3333333333333333,-0.0144927536231884,0.5797101449275363,-0.1449275362318841,0.7971014492753623,-0.1884057971014493,1.0000000000000000,-0.1739130434782609,0.3768115942028986,-0.6666666666666666,0.5507246376811594,-0.9130434782608695,0.7536231884057971,-0.9565217391304348,0.8985507246376812,-0.9420289855072463,0.2608695652173913,-0.6666666666666666,0.6376811594202898,-0.5072463768115942,0.5652173913043478,-0.3333333333333333,0.4492753623188406,-0.3188405797101449,0.1739130434782609,-0.5797101449275363,0.5362318840579711,-0.3478260869565217,0.4492753623188406,-0.2028985507246377,0.3478260869565217,-0.2463768115942029,0.1159420289855072,-0.4202898550724637,0.4347826086956522,-0.2463768115942029,0.3768115942028986,-0.1449275362318841,0.2608695652173913,-0.1739130434782609
C,0.0000000000000000,0.0000000000000000,0.0000000000000000,0.0000000000000000,0.0000000000000000,0.0000000000000000,0.0000000000000000,0.0000000000000000,0.0000000000000000,0.0000000000000000,0.0000000000000000,0.0000000000000000,0.0000000000000000,0.0000000000000000,0.0000000000000000,0.0000000000000000,0.0000000000000000,0.0000000000000000,0.0000000000000000,0.0000000000000000,0.0000000000000000,0.0000000000000000,0.0000000000000000,0.0000000000000000,0.0000000000000000,0.0000000000000000,0.0000000000000000,0.0000000000000000,0.0000000000000000,0.0000000000000000,0.0000000000000000,0.0000000000000000,0.0000000000000000,0.0000000000000000,0.0000000000000000,0.0000000000000000,0.0000000000000000,0.0000000000000000,0.0000000000000000,0.0000000000000000,0.0000000000000000,0.0000000000000000,0.0000000000000000,0.0000000000000000,0.3521126760563380,-0.0140845070422535,0.6056338028169014,-0.1126760563380282,0.8028169014084507,-0.1690140845070423,1.0000000000000000,-0.1830985915492958,0.3661971830985916,-0.6619718309859155,0.5633802816901409,-0.9154929577464789,0.7746478873239436,-0.9577464788732394,0.9295774647887324,-0.9295774647887324,0.2816901408450704,-0.6478873239436620,0.7183098591549296,-0.5211267605633803,0.6338028169014085,-0.3239436619718310,0.5211267605633803,-0.2816901408450704,0.2535211267605634,-0.5492957746478874,0.6478873239436620,-0.3239436619718310,0.5633802816901409,-0.1690140845070423,0.4507042253521127,-0.1549295774647887,0.2535211267605634,-0.3802816901408451,0.5633802816901409,-0.2253521126760563,0.4929577464788732,-0.0845070422535211,0.3802816901408451,-0.0704225352112676
C,0.0000000000000000,0.0000000000000000,0.0000000000000000,0.0000000000000000,0.0000000000000000,0.0000000000000000,0.0000000000000000,0.0000000000000000,0.0000000000000000,0.0000000000000000,0.0000000000000000,0.0000000000000000,0.0000000000000000,0.0000000000000000,0.0000000000000000,0.0000000000000000,0.0000000000000000,0.0000000000000000,0.0000000000000000,0.0000000000000000,0.0000000000000000,0.0000000000000000,0.0000000000000000,0.0000000000000000,0.0000000000000000,0.0000000000000000,0.0000000000000000,0.0000000000000000,0.0000000000000000,0.0000000000000000,0.0000000000000000,0.0000000000000000,0.0000000000000000,0.0000000000000000,0.0000000000000000,0.0000000000000000,0.0000000000000000,0.0000000000000000,0.0000000000000000,0.0000000000000000,0.0000000000000000,0.0000000000000000,0.0000000000000000,0.0000000000000000,0.1886792452830189,-0.0566037735849057,0.3962264150943396,-0.2264150943396226,0.6037735849056604,-0.2830188679245283,0.7735849056603774,-0.3207547169811321,0.1509433962264151,-0.6226415094339622,0.1886792452830189,-0.8679245283018868,0.3396226415094339,-0.9622641509433962,0.4528301886792453,-1.0000000000000000,0.0566037735849057,-0.6037735849056604,0.3396226415094339,-0.6792452830188679,0.4150943396226415,-0.4905660377358491,0.3773584905660378,-0.3773584905660378,-0.0188679245283019,-0.5283018867924528,0.2830188679245283,-0.5283018867924528,0.3018867924528302,-0.3773584905660378,0.2264150943396226,-0.3018867924528302,-0.0943396226415094,-0.3962264150943396,0.1698113207547170,-0.3962264150943396,0.1698113207547170,-0.2641509433962264,0.1132075471698113,-0.2075471698113208
C,0.0000000000000000,0.0000000000000000,0.0000000000000000,0.0000000000000000,0.0000000000000000,0.0000000000000000,0.0000000000000000,0.0000000000000000,0.0000000000000000,0.0000000000000000,0.0000000000000000,0.0000000000000000,0.0000000000000000,0.0000000000000000,0.0000000000000000,0.0000000000000000,0.0000000000000000,0.0000000000000000,0.0000000000000000,0.0000000000000000,0.0000000000000000,0.0000000000000000,0.0000000000000000,0.0000000000000000,0.0000000000000000,0.0000000000000000,0.0000000000000000,0.0000000000000000,0.0000000000000000,0.0000000000000000,0.0000000000000000,0.0000000000000000,0.0000000000000000,0.0000000000000000,0.0000000000000000,0.0000000000000000,0.0000000000000000,0.0000000000000000,0.0000000000000000,0.0000000000000000,0.0000000000000000,0.0000000000000000,0.0000000000000000,0.0000000000000000,0.2708333333333333,-0.0416666666666667,0.5416666666666666,-0.1666666666666667,0.7500000000000000,-0.1875000000000000,0.9583333333333334,-0.1875000000000000,0.2916666666666667,-0.6458333333333334,0.3541666666666667,-0.9375000000000000,0.5208333333333334,-1.0000000000000000,0.6666666666666666,-1.0000000000000000,0.1666666666666667,-0.6458333333333334,0.4791666666666667,-0.6875000000000000,0.5625000000000000,-0.5000000000000000,0.5416666666666666,-0.3750000000000000,0.0833333333333333,-0.5833333333333334,0.3958333333333333,-0.5208333333333334,0.3958333333333333,-0.3541666666666667,0.3333333333333333,-0.2708333333333333,-0.0208333333333333,-0.4583333333333333,0.2500000000000000,-0.4166666666666667,0.2500000000000000,-0.2916666666666667,0.1875000000000000,-0.2291666666666667
C,0.0000000000000000,0.0000000000000000,0.0000000000000000,0.0000000000000000,0.0000000000000000,0.0000000000000000,0.0000000000000000,0.0000000000000000,0.0000000000000000,0.0000000000000000,0.0000000000000000,0.0000000000000000,0.0000000000000000,0.0000000000000000,0.0000000000000000,0.0000000000000000,0.0000000000000000,0.0000000000000000,0.0000000000000000,0.0000000000000000,0.0000000000000000,0.0000000000000000,0.0000000000000000,0.0000000000000000,0.0000000000000000,0.0000000000000000,0.0000000000000000,0.0000000000000000,0.0000000000000000,0.0000000000000000,0.0000000000000000,0.0000000000000000,0.0000000000000000,0.0000000000000000,0.0000000000000000,0.0000000000000000,0.0000000000000000,0.0000000000000000,0.0000000000000000,0.0000000000000000,0.0000000000000000,0.0000000000000000,0.0000000000000000,0.0000000000000000,0.2580645161290323,-0.1612903225806452,0.4193548387096774,-0.3387096774193548,0.5645161290322581,-0.4193548387096774,0.6935483870967742,-0.4838709677419355,0.1129032258064516,-0.6290322580645161,0.1129032258064516,-0.8709677419354839,0.2258064516129032,-0.9677419354838710,0.3387096774193548,-1.0000000000000000,0.0322580645161290,-0.5967741935483871,0.2903225806451613,-0.6935483870967742,0.3709677419354839,-0.5483870967741935,0.3548387096774194,-0.4516129032258064,-0.0161290322580645,-0.5161290322580645,0.2419354838709677,-0.5806451612903226,0.3064516129032258,-0.4516129032258064,0.2741935483870968,-0.3870967741935484,-0.0322580645161290,-0.4032258064516129,0.1774193548387097,-0.4516129032258064,0.2258064516129032,-0.3548387096774194,0.1774193548387097,-0.2903225806451613
C,0.0000000000000000,0.0000000000000000,0.0000000000000000,0.0000000000000000,0.0000000000000000,0.0000000000000000,0.0000000000000000,0.0000000000000000,0.0000000000000000,0.0000000000000000,0.0000000000000000,0.0000000000000000,0.0000000000000000,0.0000000000000000,0.0000000000000000,0.0000000000000000,0.0000000000000000,0.0000000000000000,0.0000000000000000,0.0000000000000000,0.0000000000000000,0.0000000000000000,0.0000000000000000,0.0000000000000000,0.0000000000000000,0.0000000000000000,0.0000000000000000,0.0000000000000000,0.0000000000000000,0.0000000000000000,0.0000000000000000,0.0000000000000000,0.0000000000000000,0.0000000000000000,0.0000000000000000,0.0000000000000000,0.0000000000000000,0.0000000000000000,0.0000000000000000,0.0000000000000000,0.0000000000000000,0.0000000000000000,0.0000000000000000,0.0000000000000000,0.2745098039215687,-0.0588235294117647,0.5098039215686274,-0.1960784313725490,0.7254901960784313,-0.2549019607843137,0.9215686274509803,-0.2745098039215687,0.2745098039215687,-0.6274509803921569,0.3529411764705883,-0.8823529411764706,0.5098039215686274,-0.9607843137254902,0.6470588235294118,-1.0000000000000000,0.1568627450980392,-0.6078431372549019,0.4705882352941176,-0.6666666666666666,0.5294117647058824,-0.4901960784313725,0.4901960784313725,-0.3921568627450980,0.0784313725490196,-0.5294117647058824,0.3921568627450980,-0.5294117647058824,0.4313725490196079,-0.3725490196078431,0.3529411764705883,-0.3137254901960784,0.0000000000000000,-0.3921568627450980,0.2745098039215687,-0.3921568627450980,0.2941176470588235,-0.2745098039215687,0.2156862745098039,-0.2352941176470588
C,0.0000000000000000,0.0000000000000000,0.0000000000000000,0.0000000000000000,0.0000000000000000,0.0000000000000000,0.0000000000000000,0.0000000000000000,0.0000000000000000,0.0000000000000000,0.0000000000000000,0.0000000000000000,0.0000000000000000,0.0000000000000000,0.0000000000000000,0.0000000000000000,0.0000000000000000,0.0000000000000000,0.0000000000000000,0.0000000000000000,0.0000000000000000,0.0000000000000000,0.0000000000000000,0.0000000000000000,0.0000000000000000,0.0000000000000000,0.0000000000000000,0.0000000000000000,0.0000000000000000,0.0000000000000000,0.0000000000000000,0.0000000000000000,0.0000000000000000,0.0000000000000000,0.0000000000000000,0.0000000000000000,0.0000000000000000,0.0000000000000000,0.0000000000000000,0.0000000000000000,0.0000000000000000,0.0000000000000000,0.0000000000000000,0.0000000000000000,0.3636363636363636,-0.2121212121212121,0.5757575757575758,-0.4848484848484849,0.6969696969696970,-0.7272727272727273,0.7575757575757576,-0.8787878787878788,0.3636363636363636,-0.8787878787878788,0.6666666666666666,-1.0000000000000000,0.8484848484848485,-0.8484848484848485,0.9090909090909091,-0.6969696969696970,0.2727272727272727,-0.8484848484848485,0.6363636363636364,-0.9090909090909091,0.7575757575757576,-0.7272727272727273,0.7272727272727273,-0.6060606060606061,0.1818181818181818,-0.7272727272727273,0.5757575757575758,-0.7575757575757576,0.6060606060606061,-0.5757575757575758,0.5151515151515151,-0.4545454545454545,0.1212121212121212,-0.5757575757575758,0.4242424242424243,-0.5757575757575758,0.4242424242424243,-0.4545454545454545,0.3333333333333333,-0.3636363636363636
C,0.0000000000000000,0.0000000000000000,0.0000000000000000,0.0000000000000000,0.0000000000000000,0.0000000000000000,0.0000000000000000,0.0000000000000000,0.0000000000000000,0.0000000000000000,0.0000000000000000,0.0000000000000000,0.0000000000000000,0.0000000000000000,0.0000000000000000,0.0000000000000000,0.0000000000000000,0.0000000000000000,0.0000000000000000,0.0000000000000000,0.0000000000000000,0.0000000000000000,0.0000000000000000,0.0000000000000000,0.0000000000000000,0.0000000000000000,0.0000000000000000,0.0000000000000000,0.0000000000000000,0.0000000000000000,0.0000000000000000,0.0000000000000000,0.0000000000000000,0.0000000000000000,0.0000000000000000,0.0000000000000000,0.0000000000000000,0.0000000000000000,0.0000000000000000,0.0000000000000000,0.0000000000000000,0.0000000000000000,0.0000000000000000,0.0000000000000000,0.3684210526315789,-0.0526315789473684,0.6842105263157895,-0.2105263157894737,0.8947368421052632,-0.4210526315789473,1.0000000000000000,-0.5263157894736842,0.7894736842105263,-0.5789473684210527,0.8421052631578947,-0.7368421052631579,0.7894736842105263,-0.6315789473684210,0.7368421052631579,-0.5263157894736842,0.6315789473684210,-0.6842105263157895,0.6842105263157895,-0.7894736842105263,0.5789473684210527,-0.6842105263157895,0.5263157894736842,-0.5263157894736842,0.5263157894736842,-0.7368421052631579,0.5263157894736842,-0.8421052631578947,0.4736842105263158,-0.6842105263157895,0.4210526315789473,-0.5263157894736842,0.3684210526315789,-0.7368421052631579,0.4210526315789473,-0.7894736842105263,0.3684210526315789,-0.6842105263157895,0.3157894736842105,-0.5789473684210527
C,0.0000000000000000,0.0000000000000000,0.0000000000000000,0.0000000000000000,0.0000000000000000,0.0000000000000000,0.0000000000000000,0.0000000000000000,0.0000000000000000,0.0000000000000000,0.0000000000000000,0.0000000000000000,0.0000000000000000,0.0000000000000000,0.0000000000000000,0.0000000000000000,0.0000000000000000,0.0000000000000000,0.0000000000000000,0.0000000000000000,0.0000000000000000,0.0000000000000000,0.0000000000000000,0.0000000000000000,0.0000000000000000,0.0000000000000000,0.0000000000000000,0.0000000000000000,0.0000000000000000,0.0000000000000000,0.0000000000000000,0.0000000000000000,0.0000000000000000,0.0000000000000000,0.0000000000000000,0.0000000000000000,0.0000000000000000,0.0000000000000000,0.0000000000000000,0.0000000000000000,0.0000000000000000,0.0000000000000000,0.0000000000000000,0.0000000000000000,0.2916666666666667,-0.0833333333333333,0.5416666666666666,-0.2500000000000000,0.7083333333333334,-0.4166666666666667,0.8333333333333334,-0.5416666666666666,0.4166666666666667,-0.6250000000000000,0.6666666666666666,-0.7083333333333334,0.8750000000000000,-0.7083333333333334,1.0000000000000000,-0.7083333333333334,0.3333333333333333,-0.6250000000000000,0.6666666666666666,-0.7500000000000000,0.8333333333333334,-0.7500000000000000,1.0000000000000000,-0.7083333333333334,0.3333333333333333,-0.5833333333333334,0.6250000000000000,-0.7083333333333334,0.8333333333333334,-0.7083333333333334,0.9583333333333334,-0.6666666666666666,0.3333333333333333,-0.5000000000000000,0.5833333333333334,-0.6250000000000000,0.7500000000000000,-0.6250000000000000,0.8750000000000000,-0.5833333333333334
C,0.0000000000000000,0.0000000000000000,0.0000000000000000,0.0000000000000000,0.0000000000000000,0.0000000000000000,0.0000000000000000,0.0000000000000000,0.0000000000000000,0.0000000000000000,0.0000000000000000,0.0000000000000000,0.0000000000000000,0.0000000000000000,0.0000000000000000,0.0000000000000000,0.0000000000000000,0.0000000000000000,0.0000000000000000,0.0000000000000000,0.0000000000000000,0.0000000000000000,0.0000000000000000,0.0000000000000000,0.0000000000000000,0.0000000000000000,0.0000000000000000,0.0000000000000000,0.0000000000000000,0.0000000000000000,0.0000000000000000,0.0000000000000000,0.0000000000000000,0.0000000000000000,0.0000000000000000,0.0000000000000000,0.0000000000000000,0.0000000000000000,0.0000000000000000,0.0000000000000000,0.0000000000000000,0.0000000000000000,0.0000000000000000,0.0000000000000000,0.2777777777777778,-0.1111111111111111,0.4629629629629630,-0.2407407407407407,0.6481481481481481,-0.2962962962962963,0.7962962962962963,-0.3518518518518519,0.2222222222222222,-0.6481481481481481,0.3148148148148148,-0.9074074074074074,0.4814814814814815,-0.9814814814814815,0.6296296296296297,-0.9629629629629629,0.1666666666666667,-0.6296296296296297,0.2592592592592592,-0.9444444444444444,0.4629629629629630,-1.0000000000000000,0.6111111111111112,-0.9629629629629629,0.1481481481481481,-0.5925925925925926,0.2407407407407407,-0.9074074074074074,0.4444444444444444,-0.9814814814814815,0.5740740740740741,-0.9444444444444444,0.1666666666666667,-0.5185185185185185,0.2962962962962963,-0.7407407407407407,0.4444444444444444,-0.8518518518518519,0.5555555555555556,-0.8888888888888888
C,0.0000000000000000,0.0000000000000000,0.0000000000000000,0.0000000000000000,0.0000000000000000,0.0000000000000000,0.0000000000000000,0.0000000000000000,0.0000000000000000,0.0000000000000000,0.0000000000000000,0.0000000000000000,0.0000000000000000,0.0000000000000000,0.0000000000000000,0.0000000000000000,0.0000000000000000,0.0000000000000000,0.0000000000000000,0.0000000000000000,0.0000000000000000,0.0000000000000000,0.0000000000000000,0.0000000000000000,0.0000000000000000,0.0000000000000000,0.0000000000000000,0.0000000000000000,0.0000000000000000,0.0000000000000000,0.0000000000000000,0.0000000000000000,0.0000000000000000,0.0000000000000000,0.0000000000000000,0.0000000000000000,0.0000000000000000,0.0000000000000000,0.0000000000000000,0.0000000000000000,0.0000000000000000,0.0000000000000000,0.0000000000000000,0.0000000000000000,0.3191489361702128,-0.0425531914893617,0.5319148936170213,-0.1702127659574468,0.7021276595744681,-0.2127659574468085,0.8936170212765957,-0.2765957446808511,0.3191489361702128,-0.5957446808510638,0.4042553191489361,-0.8723404255319149,0.5957446808510638,-0.9574468085106383,0.7446808510638298,-0.9574468085106383,0.2553191489361702,-0.6382978723404256,0.3829787234042553,-0.9361702127659575,0.5957446808510638,-1.0000000000000000,0.7659574468085106,-0.9787234042553191,0.2340425531914894,-0.6170212765957447,0.3829787234042553,-0.9148936170212766,0.5957446808510638,-1.0000000000000000,0.7659574468085106,-0.9787234042553191,0.2340425531914894,-0.5531914893617021,0.3829787234042553,-0.7659574468085106,0.5531914893617021,-0.8723404255319149,0.6808510638297872,-0.9148936170212766
C,0.0000000000000000,0.0000000000000000,0.0000000000000000,0.0000000000000000,0.0000000000000000,0.0000000000000000,0.0000000000000000,0.0000000000000000,0.0000000000000000,0.0000000000000000,0.0000000000000000,0.0000000000000000,0.0000000000000000,0.0000000000000000,0.0000000000000000,0.0000000000000000,0.0000000000000000,0.0000000000000000,0.0000000000000000,0.0000000000000000,0.0000000000000000,0.0000000000000000,0.0000000000000000,0.0000000000000000,0.0000000000000000,0.0000000000000000,0.0000000000000000,0.0000000000000000,0.0000000000000000,0.0000000000000000,0.0000000000000000,0.0000000000000000,0.0000000000000000,0.0000000000000000,0.0000000000000000,0.0000000000000000,0.0000000000000000,0.0000000000000000,0.0000000000000000,0.0000000000000000,0.0000000000000000,0.0000000000000000,0.0000000000000000,0.0000000000000000,0.2571428571428571,0.1142857142857143,0.4857142857142857,0.1428571428571428,0.6857142857142857,0.2000000000000000,0.8285714285714286,0.2285714285714286,0.5714285714285714,-0.2285714285714286,0.7714285714285715,-0.3428571428571429,0.9142857142857143,-0.3428571428571429,1.0000000000000000,-0.3142857142857143,0.5714285714285714,-0.2857142857142857,0.7428571428571429,-0.4571428571428571,0.8857142857142857,-0.4285714285714285,1.0000000000000000,-0.4000000000000000,0.5428571428571428,-0.3428571428571429,0.7428571428571429,-0.5142857142857142,0.8571428571428571,-0.4857142857142857,0.9714285714285714,-0.4571428571428571,0.5142857142857142,-0.4000000000000000,0.6857142857142857,-0.5142857142857142,0.8000000000000000,-0.5428571428571428,0.8857142857142857,-0.5142857142857142
C,0.0000000000000000,0.0000000000000000,0.0000000000000000,0.0000000000000000,0.0000000000000000,0.0000000000000000,0.0000000000000000,0.0000000000000000,0.0000000000000000,0.0000000000000000,0.0000000000000000,0.0000000000000000,0.0000000000000000,0.0000000000000000,0.0000000000000000,0.0000000000000000,0.0000000000000000,0.0000000000000000,0.0000000000000000,0.0000000000000000,0.0000000000000000,0.0000000000000000,0.0000000000000000,0.0000000000000000,0.0000000000000000,0.0000000000000000,0.0000000000000000,0.0000000000000000,0.0000000000000000,0.0000000000000000,0.0000000000000000,0.0000000000000000,0.0000000000000000,0.0000000000000000,0.0000000000000000,0.0000000000000000,0.0000000000000000,0.0000000000000000,0.0000000000000000,0.0000000000000000,0.0000000000000000,0.0000000000000000,0.0000000000000000,0.0000000000000000,0.2441860465116279,-0.0813953488372093,0.4651162790697674,-0.2325581395348837,0.6627906976744186,-0.2906976744186047,0.8488372093023255,-0.3255813953488372,0.2325581395348837,-0.6511627906976745,0.2906976744186047,-0.9186046511627907,0.4534883720930232,-0.9883720930232558,0.5697674418604651,-1.0000000000000000,0.1279069767441861,-0.6511627906976745,0.4418604651162791,-0.7209302325581395,0.4883720930232558,-0.5232558139534884,0.4418604651162791,-0.4186046511627907,0.0465116279069767,-0.5813953488372093,0.3604651162790697,-0.5697674418604651,0.3720930232558139,-0.4069767441860465,0.2906976744186047,-0.3372093023255814,-0.0116279069767442,-0.4534883720930232,0.2441860465116279,-0.4534883720930232,0.2558139534883721,-0.3255813953488372,0.1860465116279070,-0.2674418604651163
C,0.0000000000000000,0.0000000000000000,0.0000000000000000,0.0000000000000000,0.0000000000000000,0.0000000000000000,0.0000000000000000,0.0000000000000000,0.0000000000000000,0.0000000000000000,0.0000000000000000,0.0000000000000000,0.0000000000000000,0.0000000000000000,0.0000000000000000,0.0000000000000000,0.0000000000000000,0.0000000000000000,0.0000000000000000,0.0000000000000000,0.0000000000000000,0.0000000000000000,0.0000000000000000,0.0000000000000000,0.0000000000000000,0.0000000000000000,0.0000000000000000,0.0000000000000000,0.0000000000000000,0.0000000000000000,0.0000000000000000,0.0000000000000000,0.0000000000000000,0.0000000000000000,0.0000000000000000,0.0000000000000000,0.0000000000000000,0.0000000000000000,0.0000000000000000,0.0000000000000000,0.0000000000000000,0.0000000000000000,0.0000000000000000,0.0000000000000000,0.3111111111111111,-0.0888888888888889,0.5777777777777777,-0.2222222222222222,0.8000000000000000,-0.2888888888888889,1.0000000000000000,-0.2888888888888889,0.3111111111111111,-0.6222222222222222,0.4000000000000000,-0.8888888888888888,0.5777777777777777,-0.9111111111111111,0.7111111111111111,-0.8888888888888888,0.2222222222222222,-0.6222222222222222,0.5111111111111111,-0.6666666666666666,0.5777777777777777,-0.5111111111111111,0.5555555555555556,-0.4000000000000000,0.1333333333333333,-0.5555555555555556,0.4444444444444444,-0.5333333333333333,0.4444444444444444,-0.3777777777777778,0.3777777777777778,-0.3111111111111111,0.0666666666666667,-0.4666666666666667,0.3111111111111111,-0.4444444444444444,0.3111111111111111,-0.3333333333333333,0.2666666666666667,-0.2666666666666667
C,0.0000000000000000,0.0000000000000000,0.0000000000000000,0.0000000000000000,0.0000000000000000,0.0000000000000000,0.0000000000000000,0.0000000000000000,0.0000000000000000,0.0000000000000000,0.0000000000000000,0.0000000000000000,0.0000000000000000,0.0000000000000000,0.0000000000000000,0.0000000000000000,0.0000000000000000,0.0000000000000000,0.0000000000000000,0.0000000000000000,0.0000000000000000,0.0000000000000000,0.0000000000000000,0.0000000000000000,0.0000000000000000,0.0000000000000000,0.0000000000000000,0.0000000000000000,0.0000000000000000,0.0000000000000000,0.0000000000000000,0.0000000000000000,0.0000000000000000,0.0000000000000000,0.0000000000000000,0.0000000000000000,0.0000000000000000,0.0000000000000000,0.0000000000000000,0.0000000000000000,0.0000000000000000,0.0000000000000000,0.0000000000000000,0.0000000000000000,0.2456140350877193,-0.1052631578947368,0.4385964912280702,-0.2807017543859649,0.5964912280701754,-0.3859649122807017,0.7368421052631579,-0.4561403508771930,0.1929824561403509,-0.6140350877192983,0.2280701754385965,-0.8947368421052632,0.3508771929824561,-0.9824561403508771,0.4561403508771930,-1.0000000000000000,0.1228070175438596,-0.6140350877192983,0.3859649122807017,-0.6315789473684210,0.4035087719298245,-0.4561403508771930,0.3508771929824561,-0.3859649122807017,0.0526315789473684,-0.5614035087719298,0.3157894736842105,-0.5263157894736842,0.3157894736842105,-0.3859649122807017,0.2456140350877193,-0.3333333333333333,0.0175438596491228,-0.4561403508771930,0.2280701754385965,-0.4385964912280702,0.2280701754385965,-0.3333333333333333,0.1403508771929824,-0.2982456140350877
C,0.0000000000000000,0.0000000000000000,0.0000000000000000,0.0000000000000000,0.0000000000000000,0.0000000000000000,0.0000000000000000,0.0000000000000000,0.0000000000000000,0.0000000000000000,0.0000000000000000,0.0000000000000000,0.0000000000000000,0.0000000000000000,0.0000000000000000,0.0000000000000000,0.0000000000000000,0.0000000000000000,0.0000000000000000,0.0000000000000000,0.0000000000000000,0.0000000000000000,0.0000000000000000,0.0000000000000000,0.0000000000000000,0.0000000000000000,0.0000000000000000,0.0000000000000000,0.0000000000000000,0.0000000000000000,0.0000000000000000,0.0000000000000000,0.0000000000000000,0.0000000000000000,0.0000000000000000,0.0000000000000000,0.0000000000000000,0.0000000000000000,0.0000000000000000,0.0000000000000000,0.0000000000000000,0.0000000000000000,0.0000000000000000,0.0000000000000000,0.2666666666666667,-0.1000000000000000,0.5333333333333333,-0.2333333333333333,0.7666666666666667,-0.3333333333333333,1.0000000000000000,-0.4000000000000000,0.3666666666666666,-0.4666666666666667,0.6000000000000000,-0.6000000000000000,0.7000000000000000,-0.5333333333333333,0.7000000000000000,-0.4333333333333333,0.3000000000000000,-0.5000000000000000,0.5333333333333333,-0.6333333333333333,0.6333333333333333,-0.5666666666666667,0.6666666666666666,-0.4666666666666667,0.2333333333333333,-0.5000000000000000,0.5333333333333333,-0.6333333333333333,0.6333333333333333,-0.5333333333333333,0.6666666666666666,-0.4333333333333333,0.2333333333333333,-0.4666666666666667,0.5000000000000000,-0.5666666666666667,0.6000000000000000,-0.5000000000000000,0.6333333333333333,-0.4000000000000000
C,0.0000000000000000,0.0000000000000000,0.0000000000000000,0.0000000000000000,0.0000000000000000,0.0000000000000000,0.0000000000000000,0.0000000000000000,0.0000000000000000,0.0000000000000000,0.0000000000000000,0.0000000000000000,0.0000000000000000,0.0000000000000000,0.0000000000000000,0.0000000000000000,0.0000000000000000,0.0000000000000000,0.0000000000000000,0.0000000000000000,0.0000000000000000,0.0000000000000000,0.0000000000000000,0.0000000000000000,0.0000000000000000,0.0000000000000000,0.0000000000000000,0.0000000000000000,0.0000000000000000,0.0000000000000000,0.0000000000000000,0.0000000000000000,0.0000000000000000,0.0000000000000000,0.0000000000000000,0.0000000000000000,0.0000000000000000,0.0000000000000000,0.0000000000000000,0.0000000000000000,0.0000000000000000,0.0000000000000000,0.0000000000000000,0.0000000000000000,0.3684210526315789,0.0789473684210526,0.6052631578947368,0.0526315789473684,0.7631578947368421,0.0789473684210526,0.9473684210526315,0.0526315789473684,0.6052631578947368,-0.3421052631578947,0.7894736842105263,-0.5263157894736842,0.8947368421052632,-0.5263157894736842,1.0000000000000000,-0.4736842105263158,0.5789473684210527,-0.3684210526315789,0.7631578947368421,-0.6052631578947368,0.8947368421052632,-0.5789473684210527,1.0000000000000000,-0.5000000000000000,0.5263157894736842,-0.3947368421052632,0.7368421052631579,-0.6052631578947368,0.8684210526315790,-0.6052631578947368,0.9473684210526315,-0.5263157894736842,0.5263157894736842,-0.3947368421052632,0.6842105263157895,-0.5526315789473685,0.8421052631578947,-0.5526315789473685,0.9473684210526315,-0.5263157894736842
C,0.0000000000000000,0.0000000000000000,0.0000000000000000,0.0000000000000000,0.0000000000000000,0.0000000000000000,0.0000000000000000,0.0000000000000000,0.0000000000000000,0.0000000000000000,0.0000000000000000,0.0000000000000000,0.0000000000000000,0.0000000000000000,0.0000000000000000,0.0000000000000000,0.0000000000000000,0.0000000000000000,0.0000000000000000,0.0000000000000000,0.0000000000000000,0.0000000000000000,0.0000000000000000,0.0000000000000000,0.0000000000000000,0.0000000000000000,0.0000000000000000,0.0000000000000000,0.0000000000000000,0.0000000000000000,0.0000000000000000,0.0000000000000000,0.0000000000000000,0.0000000000000000,0.0000000000000000,0.0000000000000000,0.0000000000000000,0.0000000000000000,0.0000000000000000,0.0000000000000000,0.0000000000000000,0.0000000000000000,0.0000000000000000,0.0000000000000000,0.1562500000000000,0.1250000000000000,0.4062500000000000,0.1875000000000000,0.6250000000000000,0.2187500000000000,0.7812500000000000,0.2812500000000000,0.4062500000000000,-0.0937500000000000,0.5937500000000000,-0.2500000000000000,0.7812500000000000,-0.2812500000000000,0.9062500000000000,-0.2500000000000000,0.3750000000000000,-0.2187500000000000,0.6250000000000000,-0.3437500000000000,0.8125000000000000,-0.3437500000000000,1.0000000000000000,-0.3125000000000000,0.3750000000000000,-0.2812500000000000,0.5937500000000000,-0.4062500000000000,0.8125000000000000,-0.4062500000000000,0.9687500000000000,-0.3750000000000000,0.3437500000000000,-0.3125000000000000,0.5312500000000000,-0.4062500000000000,0.7187500000000000,-0.4062500000000000,0.8437500000000000,-0.4062500000000000
C,0.0000000000000000,0.0000000000000000,0.0000000000000000,0.0000000000000000,0.0000000000000000,0.0000000000000000,0.0000000000000000,0.0000000000000000,0.0000000000000000,0.0000000000000000,0.0000000000000000,0.0000000000000000,0.0000000000000000,0.0000000000000000,0.0000000000000000,0.0000000000000000,0.0000000000000000,0.0000000000000000,0.0000000000000000,0.0000000000000000,0.0000000000000000,0.0000000000000000,0.0000000000000000,0.0000000000000000,0.0000000000000000,0.0000000000000000,0.0000000000000000,0.0000000000000000,0.0000000000000000,0.0000000000000000,0.0000000000000000,0.0000000000000000,0.0000000000000000,0.0000000000000000,0.0000000000000000,0.0000000000000000,0.0000000000000000,0.0000000000000000,0.0000000000000000,0.0000000000000000,0.0000000000000000,0.0000000000000000,0.0000000000000000,0.0000000000000000,0.2727272727272727,0.1515151515151515,0.5151515151515151,0.1818181818181818,0.7272727272727273,0.2424242424242424,0.8787878787878788,0.2727272727272727,0.6060606060606061,-0.1515151515151515,0.7878787878787878,-0.2727272727272727,0.9090909090909091,-0.2424242424242424,1.0000000000000000,-0.2121212121212121,0.5757575757575758,-0.2424242424242424,0.7575757575757576,-0.4242424242424243,0.9090909090909091,-0.4242424242424243,1.0000000000000000,-0.3939393939393939,0.5454545454545454,-0.3030303030303030,0.7575757575757576,-0.4848484848484849,0.9090909090909091,-0.4848484848484849,1.0000000000000000,-0.4545454545454545,0.5151515151515151,-0.3333333333333333,0.6666666666666666,-0.4545454545454545,0.8181818181818182,-0.4545454545454545,0.9393939393939394,-0.4545454545454545
C,0.0000000000000000,0.0000000000000000,0.0000000000000000,0.0000000000000000,0.0000000000000000,0.0000000000000000,0.0000000000000000,0.0000000000000000,0.0000000000000000,0.0000000000000000,0.0000000000000000,0.0000000000000000,0.0000000000000000,0.0000000000000000,0.0000000000000000,0.0000000000000000,0.0000000000000000,0.0000000000000000,0.0000000000000000,0.0000000000000000,0.0000000000000000,0.0000000000000000,0.0000000000000000,0.0000000000000000,0.0000000000000000,0.0000000000000000,0.0000000000000000,0.0000000000000000,0.0000000000000000,0.0000000000000000,0.0000000000000000,0.0000000000000000,0.0000000000000000,0.0000000000000000,0.0000000000000000,0.0000000000000000,0.0000000000000000,0.0000000000000000,0.0000000000000000,0.0000000000000000,0.0000000000000000,0.0000000000000000,0.0000000000000000,0.0000000000000000,0.3214285714285715,0.0714285714285714,0.5714285714285714,0.0357142857142857,0.7857142857142857,0.0000000000000000,0.9285714285714286,-0.0357142857142857,0.5357142857142857,-0.3928571428571428,0.6785714285714286,-0.6071428571428571,0.8571428571428571,-0.6785714285714286,1.0000000000000000,-0.6785714285714286,0.4642857142857143,-0.5000000000000000,0.6428571428571429,-0.7500000000000000,0.8214285714285714,-0.7857142857142857,0.9642857142857143,-0.7500000000000000,0.3928571428571428,-0.5357142857142857,0.5714285714285714,-0.7857142857142857,0.7500000000000000,-0.8214285714285714,0.8928571428571429,-0.8214285714285714,0.3571428571428572,-0.5714285714285714,0.5000000000000000,-0.7500000000000000,0.6785714285714286,-0.8214285714285714,0.7857142857142857,-0.8214285714285714
D,0.6569343065693430,-0.1678832116788321,0.4671532846715328,-0.1824817518248175,0.2919708029197080,-0.3138686131386861,0.1605839416058394,-0.4014598540145985,0.0437956204379562,-0.4306569343065693,0.4233576642335766,-0.7372262773722628,0.2773722627737226,-0.9124087591240876,0.1459854014598540,-0.9708029197080292,0.0291970802919708,-1.0000000000000000,0.5547445255474452,-0.7226277372262774,0.2481751824817518,-0.6350364963503650,0.2773722627737226,-0.4452554744525548,0.3649635036496350,-0.4160583941605839,0.6423357664233577,-0.6204379562043796,0.3357664233576642,-0.4890510948905110,0.3795620437956204,-0.3576642335766423,0.4671532846715328,-0.3576642335766423,0.6861313868613139,-0.5036496350364964,0.4525547445255474,-0.4014598540145985,0.4963503649635037,-0.2992700729927008,0.5839416058394160,-0.2992700729927008,-0.6569343065693430,0.1678832116788321,-0.3941605839416059,0.1094890510948905,-0.1605839416058394,0.0364963503649635,0.0145985401459854,-0.0072992700729927,0.0729927007299270,-0.0510948905109489,-0.2481751824817518,-0.3722627737226277,-0.1605839416058394,-0.6204379562043796,-0.0875912408759124,-0.7810218978102190,-0.0291970802919708,-0.9124087591240876,-0.3065693430656934,-0.3430656934306570,0.0145985401459854,-0.2700729927007299,-0.0145985401459854,-0.0948905109489051,-0.1021897810218978,-0.0072992700729927,-0.3649635036496350,-0.2408759124087591,-0.0437956204379562,-0.0510948905109489,-0.1021897810218978,0.0802919708029197,-0.2043795620437956,0.0802919708029197,-0.3795620437956204,-0.0656934306569343,-0.1313868613138686,0.0802919708029197,-0.1605839416058394,0.1824817518248175,-0.2627737226277372,0.2116788321167883
D,0.6384615384615384,-0.2461538461538462,0.4692307692307692,-0.3230769230769231,0.3307692307692308,-0.4461538461538462,0.2230769230769231,-0.5384615384615384,0.1615384615384615,-0.6000000000000000,0.3769230769230769,-0.7692307692307693,0.2230769230769231,-0.9538461538461539,0.0692307692307692,-1.0000000000000000,-0.0384615384615385,-1.0000000000000000,0.4846153846153846,-0.7384615384615385,0.1615384615384615,-0.6153846153846154,0.1923076923076923,-0.4461538461538462,0.2846153846153846,-0.4153846153846154,0.5615384615384615,-0.6307692307692307,0.2538461538461538,-0.4769230769230769,0.3000000000000000,-0.3538461538461539,0.3769230769230769,-0.3692307692307693,0.6076923076923076,-0.5076923076923077,0.3615384615384615,-0.3692307692307693,0.4076923076923077,-0.2923076923076923,0.4846153846153846,-0.3076923076923077,-0.6384615384615384,0.2461538461538462,-0.4230769230769231,0.1692307692307692,-0.2230769230769231,0.0769230769230769,-0.0538461538461538,0.0153846153846154,-0.0230769230769231,-0.0615384615384615,-0.3461538461538461,-0.3538461538461539,-0.2538461538461538,-0.6153846153846154,-0.1769230769230769,-0.7846153846153846,-0.1307692307692308,-0.9384615384615385,-0.4076923076923077,-0.3538461538461539,-0.0692307692307692,-0.2000000000000000,-0.1153846153846154,-0.0615384615384615,-0.2230769230769231,-0.0153846153846154,-0.4538461538461538,-0.2461538461538462,-0.1153846153846154,-0.0461538461538462,-0.1769230769230769,0.0615384615384615,-0.2538461538461538,0.0615384615384615,-0.4538461538461538,-0.0769230769230769,-0.1923076923076923,0.0923076923076923,-0.2384615384615385,0.1846153846153846,-0.3307692307692308,0.1846153846153846
D,0.5374149659863946,-0.2789115646258503,0.3061224489795918,-0.2925170068027211,0.1156462585034014,-0.3877551020408163,-0.0204081632653061,-0.4285714285714285,-0.1564625850340136,-0.4557823129251701,0.2108843537414966,-0.7959183673469388,0.0476190476190476,-0.9727891156462585,-0.0884353741496599,-1.0000000000000000,-0.2108843537414966,-0.9727891156462585,0.3197278911564626,-0.8095238095238095,0.0476190476190476,-0.6734693877551020,0.1020408163265306,-0.4965986394557823,0.1972789115646258,-0.4965986394557823,0.4149659863945578,-0.7414965986394558,0.1428571428571428,-0.5510204081632653,0.2244897959183673,-0.4285714285714285,0.3061224489795918,-0.4421768707482993,0.4829931972789115,-0.6462585034013606,0.2653061224489796,-0.4829931972789115,0.3197278911564626,-0.3877551020408163,0.4013605442176871,-0.4149659863945578,-0.5374149659863946,0.2789115646258503,-0.2517006802721088,0.2108843537414966,-0.1020408163265306,0.0612244897959184,0.0204081632653061,-0.0476190476190476,0.0340136054421769,-0.1564625850340136,-0.3605442176870748,-0.3469387755102041,-0.3061224489795918,-0.5918367346938775,-0.2653061224489796,-0.7687074829931972,-0.2517006802721088,-0.9047619047619048,-0.4149659863945578,-0.3469387755102041,-0.0476190476190476,-0.3061224489795918,-0.0748299319727891,-0.1428571428571428,-0.1700680272108843,-0.1020408163265306,-0.4285714285714285,-0.2653061224489796,-0.0612244897959184,-0.1292517006802721,-0.1020408163265306,0.0068027210884354,-0.1972789115646258,0.0068027210884354,-0.3877551020408163,-0.1292517006802721,-0.1020408163265306,0.0204081632653061,-0.1428571428571428,0.1292517006802721,-0.2380952380952381,0.1428571428571428
D,0.5211267605633803,-0.3380281690140845,0.2957746478873239,-0.3239436619718310,0.0985915492957746,-0.3943661971830986,-0.0704225352112676,-0.4225352112676056,-0.2112676056338028,-0.4225352112676056,0.1408450704225352,-0.8169014084507042,-0.0422535211267606,-0.9859154929577465,-0.1830985915492958,-1.0000000000000000,-0.2957746478873239,-0.9436619718309859,0.2535211267605634,-0.8450704225352113,0.0000000000000000,-0.6760563380281690,0.0563380281690141,-0.4929577464788732,0.1549295774647887,-0.4788732394366197,0.3521126760563380,-0.7746478873239436,0.0985915492957746,-0.5633802816901409,0.1690140845070423,-0.4366197183098591,0.2535211267605634,-0.4507042253521127,0.4366197183098591,-0.6760563380281690,0.2394366197183098,-0.4929577464788732,0.2957746478873239,-0.3943661971830986,0.3802816901408451,-0.4225352112676056,-0.5211267605633803,0.3380281690140845,-0.2816901408450704,0.2253521126760563,-0.1126760563380282,0.0845070422535211,0.0000000000000000,-0.0140845070422535,0.0140845070422535,-0.0985915492957746,-0.3943661971830986,-0.2957746478873239,-0.3661971830985916,-0.5492957746478874,-0.3380281690140845,-0.7183098591549296,-0.3239436619718310,-0.8591549295774648,-0.4366197183098591,-0.2816901408450704,-0.0845070422535211,-0.2816901408450704,-0.0845070422535211,-0.1267605633802817,-0.1690140845070423,-0.0563380281690141,-0.4366197183098591,-0.1830985915492958,-0.0845070422535211,-0.1126760563380282,-0.1126760563380282,0.0281690140845070,-0.1830985915492958,0.0563380281690141,-0.3943661971830986,-0.0563380281690141,-0.1126760563380282,0.0422535211267606,-0.1408450704225352,0.1408450704225352,-0.2112676056338028,0.1690140845070423
D,0.7462686567164180,-0.0447761194029851,0.5671641791044776,-0.1940298507462687,0.4179104477611940,-0.3134328358208955,0.2686567164179104,-0.3731343283582090,0.1492537313432836,-0.3731343283582090,0.4477611940298508,-0.4626865671641791,0.2985074626865671,-0.5820895522388060,0.2089552238805970,-0.7313432835820896,0.1194029850746269,-0.8208955223880597,0.5373134328358209,-0.3731343283582090,0.2388059701492537,-0.2238805970149254,0.1492537313432836,-0.1044776119402985,0.0895522388059701,-0.0149253731343284,0.5970149253731343,-0.2537313432835821,0.2985074626865671,-0.1044776119402985,0.2089552238805970,0.0149253731343284,0.1492537313432836,0.0746268656716418,0.6567164179104478,-0.1044776119402985,0.4179104477611940,0.0149253731343284,0.3283582089552239,0.0746268656716418,0.2686567164179104,0.1343283582089552,-0.7462686567164180,0.0447761194029851,-0.4776119402985075,-0.0447761194029851,-0.2985074626865671,-0.2238805970149254,-0.2388059701492537,-0.4029850746268657,-0.2388059701492537,-0.5522388059701493,-0.5074626865671642,-0.6417910447761194,-0.3880597014925373,-0.8507462686567164,-0.2089552238805970,-0.9701492537313433,-0.0597014925373134,-1.0000000000000000,-0.5671641791044776,-0.6119402985074627,-0.3283582089552239,-0.6716417910447762,-0.2388059701492537,-0.5522388059701493,-0.2388059701492537,-0.4328358208955224,-0.6567164179104478,-0.5223880597014925,-0.3582089552238806,-0.4925373134328358,-0.3283582089552239,-0.3731343283582090,-0.3880597014925373,-0.2537313432835821,-0.7462686567164180,-0.4029850746268657,-0.4776119402985075,-0.3731343283582090,-0.4477611940298508,-0.2537313432835821,-0.4776119402985075,-0.1641791044776119
D,0.6785714285714286,0.5238095238095238,0.5595238095238095,0.4523809523809524,0.4404761904761905,0.3333333333333333,0.3690476190476191,0.2380952380952381,0.2738095238095238,0.1666666666666667,0.4880952380952381,0.1904761904761905,0.3690476190476191,0.0714285714285714,0.2738095238095238,0.0000000000000000,0.1785714285714286,-0.0714285714285714,0.5357142857142857,0.2142857142857143,0.3690476190476191,0.1904761904761905,0.2261904761904762,0.2142857142857143,0.1309523809523810,0.2619047619047619,0.5833333333333334,0.3095238095238095,0.4166666666666667,0.2619047619047619,0.2976190476190476,0.3095238095238095,0.2023809523809524,0.3571428571428572,0.6071428571428571,0.4047619047619048,0.4880952380952381,0.3809523809523809,0.3928571428571428,0.4047619047619048,0.3214285714285715,0.4285714285714285,-0.6785714285714286,-0.5238095238095238,-0.5357142857142857,-0.5000000000000000,-0.3928571428571428,-0.6190476190476191,-0.3452380952380952,-0.7857142857142857,-0.3214285714285715,-0.9047619047619048,-0.4880952380952381,-0.6904761904761905,-0.4404761904761905,-0.8571428571428571,-0.4166666666666667,-0.9523809523809523,-0.3690476190476191,-1.0000000000000000,-0.5833333333333334,-0.7619047619047619,-0.5119047619047619,-0.9047619047619048,-0.4642857142857143,-0.9761904761904762,-0.4166666666666667,-0.9761904761904762,-0.6547619047619048,-0.7857142857142857,-0.5833333333333334,-0.9523809523809523,-0.5119047619047619,-1.0000000000000000,-0.4642857142857143,-0.9761904761904762,-0.7261904761904762,-0.8095238095238095,-0.6547619047619048,-0.9523809523809523,-0.5833333333333334,-1.0000000000000000,-0.5357142857142857,-1.0000000000000000
D,0.7142857142857143,0.0571428571428571,0.5142857142857142,-0.1142857142857143,0.3714285714285714,-0.2571428571428571,0.2285714285714286,-0.3428571428571429,0.1428571428571428,-0.3714285714285714,0.4571428571428571,-0.5142857142857142,0.3428571428571429,-0.7142857142857143,0.2571428571428571,-0.8857142857142857,0.2000000000000000,-1.0000000000000000,0.5714285714285714,-0.4285714285714285,0.2000000000000000,-0.3142857142857143,0.0857142857142857,-0.1714285714285714,0.0857142857142857,-0.0571428571428571,0.6285714285714286,-0.2857142857142857,0.2571428571428571,-0.1714285714285714,0.2000000000000000,-0.0571428571428571,0.2000000000000000,0.0000000000000000,0.6571428571428571,-0.1428571428571428,0.3714285714285714,-0.0571428571428571,0.2857142857142857,0.0285714285714286,0.2857142857142857,0.0857142857142857,-0.7142857142857143,-0.0571428571428571,-0.4571428571428571,-0.1428571428571428,-0.2857142857142857,-0.2857142857142857,-0.1714285714285714,-0.4000000000000000,-0.0571428571428571,-0.4857142857142857,-0.4285714285714285,-0.6857142857142857,-0.2571428571428571,-0.7714285714285715,-0.1714285714285714,-0.7142857142857143,-0.1428571428571428,-0.6285714285714286,-0.4857142857142857,-0.6857142857142857,-0.2571428571428571,-0.7142857142857143,-0.1714285714285714,-0.6285714285714286,-0.1714285714285714,-0.5428571428571428,-0.5428571428571428,-0.6285714285714286,-0.2857142857142857,-0.5714285714285714,-0.2571428571428571,-0.4285714285714285,-0.3428571428571429,-0.3428571428571429,-0.6000000000000000,-0.5428571428571428,-0.3428571428571429,-0.4571428571428571,-0.3714285714285714,-0.3428571428571429,-0.4285714285714285,-0.2571428571428571
D,0.7000000000000000,0.2000000000000000,0.5000000000000000,0.1500000000000000,0.3250000000000000,0.0500000000000000,0.1750000000000000,0.0000000000000000,0.1000000000000000,-0.0250000000000000,0.4000000000000000,-0.3500000000000000,0.2750000000000000,-0.5750000000000000,0.2000000000000000,-0.7750000000000000,0.1250000000000000,-0.9000000000000000,0.5250000000000000,-0.3250000000000000,0.2000000000000000,-0.2000000000000000,0.1500000000000000,-0.0250000000000000,0.2000000000000000,0.0500000000000000,0.6000000000000000,-0.2250000000000000,0.2750000000000000,-0.1000000000000000,0.2750000000000000,0.0500000000000000,0.3500000000000000,0.1000000000000000,0.6500000000000000,-0.1000000000000000,0.4000000000000000,0.0250000000000000,0.3750000000000000,0.1000000000000000,0.4250000000000000,0.1250000000000000,-0.7000000000000000,-0.2000000000000000,-0.4000000000000000,-0.2500000000000000,-0.1750000000000000,-0.3500000000000000,0.0250000000000000,-0.4250000000000000,0.1750000000000000,-0.4500000000000000,-0.2750000000000000,-0.7000000000000000,-0.1500000000000000,-0.9250000000000000,0.0000000000000000,-0.9750000000000000,0.1250000000000000,-1.0000000000000000,-0.3500000000000000,-0.6750000000000000,-0.1500000000000000,-0.7250000000000000,-0.1500000000000000,-0.5750000000000000,-0.2250000000000000,-0.5000000000000000,-0.4250000000000000,-0.6250000000000000,-0.2250000000000000,-0.6500000000000000,-0.2250000000000000,-0.5250000000000000,-0.3000000000000000,-0.4750000000000000,-0.4750000000000000,-0.5250000000000000,-0.3250000000000000,-0.5500000000000000,-0.3250000000000000,-0.4750000000000000,-0.3750000000000000,-0.4500000000000000
D,0.6235294117647059,0.2705882352941176,0.4588235294117647,0.2000000000000000,0.3176470588235294,0.1058823529411765,0.2000000000000000,0.0352941176470588,0.1058823529411765,-0.0352941176470588,0.4352941176470588,-0.2705882352941176,0.3411764705882353,-0.4823529411764706,0.2941176470588235,-0.6705882352941176,0.2470588235294118,-0.8117647058823529,0.5294117647058824,-0.2470588235294118,0.2235294117647059,-0.1764705882352941,0.1764705882352941,-0.0117647058823529,0.2470588235294118,0.0588235294117647,0.6000000000000000,-0.1764705882352941,0.2941176470588235,-0.0352941176470588,0.3176470588235294,0.0588235294117647,0.3882352941176471,0.1058823529411765,0.6470588235294118,-0.0588235294117647,0.4117647058823529,0.0352941176470588,0.4117647058823529,0.1294117647058824,0.4823529411764706,0.1529411764705882,-0.6235294117647059,-0.2705882352941176,-0.3882352941176471,-0.2705882352941176,-0.1764705882352941,-0.3411764705882353,-0.0117647058823529,-0.3647058823529412,0.1058823529411765,-0.4117647058823529,-0.2470588235294118,-0.6941176470588235,-0.0823529411764706,-0.8823529411764706,0.0588235294117647,-0.9529411764705882,0.1764705882352941,-1.0000000000000000,-0.2705882352941176,-0.7176470588235294,-0.0352941176470588,-0.6470588235294118,-0.1058823529411765,-0.5294117647058824,-0.2000000000000000,-0.5058823529411764,-0.3176470588235294,-0.6705882352941176,-0.1058823529411765,-0.5764705882352941,-0.1529411764705882,-0.4823529411764706,-0.2470588235294118,-0.4588235294117647,-0.3647058823529412,-0.5764705882352941,-0.1764705882352941,-0.5294117647058824,-0.2470588235294118,-0.4588235294117647,-0.3176470588235294,-0.4352941176470588
D,0.6024096385542169,0.1807228915662651,0.3614457831325301,0.0361445783132530,0.2168674698795181,-0.1084337349397590,0.0963855421686747,-0.2289156626506024,0.0240963855421687,-0.3253012048192771,0.2891566265060241,-0.4457831325301205,0.1927710843373494,-0.6626506024096386,0.1686746987951807,-0.8313253012048193,0.1445783132530120,-0.9518072289156626,0.4096385542168675,-0.4216867469879518,0.1204819277108434,-0.3012048192771085,0.0481927710843374,-0.1566265060240964,0.0481927710843374,-0.0843373493975904,0.4819277108433735,-0.3012048192771085,0.1686746987951807,-0.1807228915662651,0.1445783132530120,-0.0843373493975904,0.1686746987951807,-0.0361445783132530,0.5060240963855421,-0.1566265060240964,0.2650602409638554,-0.0602409638554217,0.2168674698795181,-0.0120481927710843,0.2409638554216867,0.0361445783132530,-0.6024096385542169,-0.1807228915662651,-0.3132530120481928,-0.2771084337349398,-0.1445783132530120,-0.3734939759036144,-0.0240963855421687,-0.4457831325301205,0.0481927710843374,-0.4698795180722892,-0.3373493975903614,-0.7590361445783133,-0.2168674698795181,-0.9759036144578314,-0.0722891566265060,-1.0000000000000000,0.0481927710843374,-0.9759036144578314,-0.3855421686746988,-0.7349397590361446,-0.0722891566265060,-0.6385542168674698,-0.1204819277108434,-0.5180722891566265,-0.1927710843373494,-0.4457831325301205,-0.4337349397590362,-0.6385542168674698,-0.1204819277108434,-0.5421686746987951,-0.1686746987951807,-0.4216867469879518,-0.2650602409638554,-0.3975903614457831,-0.4578313253012048,-0.5421686746987951,-0.2168674698795181,-0.4698795180722892,-0.2409638554216867,-0.3734939759036144,-0.3373493975903614,-0.3493975903614458
D,0.6375000000000000,0.1250000000000000,0.3625000000000000,0.0250000000000000,0.2125000000000000,-0.1500000000000000,0.1125000000000000,-0.3000000000000000,0.0125000000000000,-0.3750000000000000,0.2875000000000000,-0.4500000000000000,0.1625000000000000,-0.6500000000000000,0.0875000000000000,-0.8000000000000000,0.0625000000000000,-0.9250000000000000,0.3875000000000000,-0.4250000000000000,0.1375000000000000,-0.3250000000000000,0.0375000000000000,-0.2250000000000000,-0.0125000000000000,-0.1500000000000000,0.4625000000000000,-0.3000000000000000,0.1875000000000000,-0.2000000000000000,0.1125000000000000,-0.1000000000000000,0.0875000000000000,-0.0250000000000000,0.5125000000000000,-0.1500000000000000,0.2875000000000000,-0.0750000000000000,0.2375000000000000,0.0000000000000000,0.2125000000000000,0.0250000000000000,-0.6375000000000000,-0.1250000000000000,-0.3875000000000000,-0.2000000000000000,-0.2125000000000000,-0.3500000000000000,-0.0875000000000000,-0.4000000000000000,0.0125000000000000,-0.4500000000000000,-0.3875000000000000,-0.7000000000000000,-0.3125000000000000,-0.9500000000000000,-0.1625000000000000,-1.0000000000000000,-0.0625000000000000,-0.9500000000000000,-0.4375000000000000,-0.6750000000000000,-0.1375000000000000,-0.6250000000000000,-0.1375000000000000,-0.4500000000000000,-0.2375000000000000,-0.3750000000000000,-0.4875000000000000,-0.6000000000000000,-0.1875000000000000,-0.5000000000000000,-0.2125000000000000,-0.3750000000000000,-0.2875000000000000,-0.3250000000000000,-0.5125000000000000,-0.4750000000000000,-0.2625000000000000,-0.4250000000000000,-0.3125000000000000,-0.3250000000000000,-0.3625000000000000,-0.3000000000000000
D,0.5844155844155844,0.0649350649350649,0.4285714285714285,-0.0389610389610390,0.3246753246753247,-0.1948051948051948,0.2207792207792208,-0.2987012987012987,0.1428571428571428,-0.3766233766233766,0.4285714285714285,-0.4025974025974026,0.2987012987012987,-0.4545454545454545,0.2207792207792208,-0.5324675324675324,0.1428571428571428,-0.5844155844155844,0.5064935064935064,-0.3246753246753247,0.2467532467532468,-0.2987012987012987,0.0909090909090909,-0.2207792207792208,0.0129870129870130,-0.1688311688311688,0.5324675324675324,-0.2207792207792208,0.2987012987012987,-0.1688311688311688,0.1688311688311688,-0.0909090909090909,0.1168831168831169,-0.0389610389610390,0.5584415584415584,-0.0649350649350649,0.3766233766233766,-0.0389610389610390,0.2987012987012987,0.0129870129870130,0.2987012987012987,0.0649350649350649,-0.5844155844155844,-0.0649350649350649,-0.3506493506493507,-0.2207792207792208,-0.2207792207792208,-0.4025974025974026,-0.1688311688311688,-0.5324675324675324,-0.1168831168831169,-0.6363636363636364,-0.4025974025974026,-0.6623376623376623,-0.2987012987012987,-0.8441558441558441,-0.1948051948051948,-0.9480519480519480,-0.1168831168831169,-1.0000000000000000,-0.4545454545454545,-0.6363636363636364,-0.1428571428571428,-0.5584415584415584,-0.1428571428571428,-0.4285714285714285,-0.2207792207792208,-0.3506493506493507,-0.4805194805194805,-0.5324675324675324,-0.1688311688311688,-0.4545454545454545,-0.1948051948051948,-0.3506493506493507,-0.2727272727272727,-0.2987012987012987,-0.4805194805194805,-0.4285714285714285,-0.2467532467532468,-0.3766233766233766,-0.2727272727272727,-0.2987012987012987,-0.3506493506493507,-0.2727272727272727
D,0.6233766233766234,0.0389610389610390,0.3896103896103896,-0.0129870129870130,0.2077922077922078,-0.1688311688311688,0.1038961038961039,-0.2727272727272727,0.0000000000000000,-0.3506493506493507,0.2597402597402597,-0.4545454545454545,0.1558441558441558,-0.5844155844155844,0.0779220779220779,-0.7142857142857143,0.0259740259740260,-0.7922077922077922,0.3636363636363636,-0.4545454545454545,0.1038961038961039,-0.3246753246753247,0.0000000000000000,-0.1688311688311688,-0.0259740259740260,-0.0909090909090909,0.4675324675324675,-0.3246753246753247,0.1818181818181818,-0.2207792207792208,0.1038961038961039,-0.0909090909090909,0.1038961038961039,-0.0129870129870130,0.5454545454545454,-0.1688311688311688,0.3116883116883117,-0.0909090909090909,0.2337662337662338,-0.0129870129870130,0.2337662337662338,0.0389610389610390,-0.6233766233766234,-0.0389610389610390,-0.4415584415584415,-0.1948051948051948,-0.3376623376623377,-0.3766233766233766,-0.2597402597402597,-0.5324675324675324,-0.2337662337662338,-0.6363636363636364,-0.5194805194805194,-0.6363636363636364,-0.4415584415584415,-0.8181818181818182,-0.3376623376623377,-0.9220779220779221,-0.2597402597402597,-1.0000000000000000,-0.5454545454545454,-0.5844155844155844,-0.2857142857142857,-0.6103896103896104,-0.2597402597402597,-0.5064935064935064,-0.3116883116883117,-0.4805194805194805,-0.5454545454545454,-0.4805194805194805,-0.2857142857142857,-0.5064935064935064,-0.2857142857142857,-0.4285714285714285,-0.3376623376623377,-0.3766233766233766,-0.5454545454545454,-0.3766233766233766,-0.3116883116883117,-0.4025974025974026,-0.3376623376623377,-0.3246753246753247,-0.4155844155844156,-0.2987012987012987
D,0.5308641975308642,0.2345679012345679,0.3580246913580247,0.0864197530864197,0.2345679012345679,-0.0864197530864197,0.1604938271604938,-0.1851851851851852,0.0617283950617284,-0.2592592592592592,0.3827160493827160,-0.4074074074074074,0.3086419753086420,-0.6296296296296297,0.2592592592592592,-0.8271604938271605,0.2098765432098765,-0.9506172839506173,0.5061728395061729,-0.3580246913580247,0.2345679012345679,-0.3333333333333333,0.1111111111111111,-0.2345679012345679,0.0617283950617284,-0.1358024691358025,0.5555555555555556,-0.2098765432098765,0.3086419753086420,-0.2098765432098765,0.2098765432098765,-0.1358024691358025,0.1851851851851852,-0.0617283950617284,0.5802469135802469,-0.0617283950617284,0.3827160493827160,-0.0617283950617284,0.2839506172839506,-0.0123456790123457,0.2839506172839506,0.0370370370370370,-0.5308641975308642,-0.2345679012345679,-0.2839506172839506,-0.3086419753086420,-0.1111111111111111,-0.4567901234567901,-0.0123456790123457,-0.5555555555555556,0.0617283950617284,-0.6049382716049383,-0.2098765432098765,-0.7777777777777778,-0.1111111111111111,-0.9506172839506173,0.0123456790123457,-1.0000000000000000,0.1358024691358025,-1.0000000000000000,-0.2592592592592592,-0.7530864197530864,-0.0123456790123457,-0.6543209876543210,-0.0370370370370370,-0.5308641975308642,-0.1358024691358025,-0.4814814814814815,-0.3086419753086420,-0.6790123456790124,-0.0617283950617284,-0.5555555555555556,-0.1111111111111111,-0.4567901234567901,-0.1851851851851852,-0.4320987654320987,-0.3580246913580247,-0.5802469135802469,-0.1358024691358025,-0.4814814814814815,-0.1604938271604938,-0.4320987654320987,-0.2345679012345679,-0.4074074074074074
D,0.4366197183098591,0.5211267605633803,0.3239436619718310,0.2394366197183098,0.2676056338028169,-0.0422535211267606,0.2394366197183098,-0.2394366197183098,0.1549295774647887,-0.3802816901408451,0.4084507042253521,-0.1830985915492958,0.4366197183098591,-0.4366197183098591,0.4647887323943662,-0.6619718309859155,0.4647887323943662,-0.8309859154929577,0.4366197183098591,-0.0704225352112676,0.1830985915492958,-0.2112676056338028,0.0704225352112676,-0.0704225352112676,0.0704225352112676,0.0422535211267606,0.4084507042253521,0.0704225352112676,0.1267605633802817,-0.0140845070422535,0.0985915492957746,0.0985915492957746,0.1549295774647887,0.1830985915492958,0.3521126760563380,0.2112676056338028,0.1267605633802817,0.1830985915492958,0.0985915492957746,0.2394366197183098,0.1549295774647887,0.2957746478873239,-0.4366197183098591,-0.5211267605633803,-0.2394366197183098,-0.4647887323943662,-0.0704225352112676,-0.4929577464788732,0.0704225352112676,-0.5211267605633803,0.1830985915492958,-0.5211267605633803,-0.0140845070422535,-0.9154929577464789,0.1549295774647887,-1.0000000000000000,0.2957746478873239,-0.9718309859154930,0.3802816901408451,-0.9718309859154930,-0.0422535211267606,-0.9154929577464789,0.1549295774647887,-0.7746478873239436,0.0985915492957746,-0.6901408450704225,0.0704225352112676,-0.6901408450704225,-0.0704225352112676,-0.8591549295774648,0.0985915492957746,-0.6901408450704225,0.0422535211267606,-0.5774647887323944,-0.0422535211267606,-0.5774647887323944,-0.0985915492957746,-0.7746478873239436,0.0422535211267606,-0.6056338028169014,-0.0140845070422535,-0.5211267605633803,-0.1267605633802817,-0.5211267605633803
D,0.6846153846153846,0.1846153846153846,0.3769230769230769,0.1076923076923077,0.2230769230769231,-0.0461538461538462,0.1153846153846154,-0.1846153846153846,0.0076923076923077,-0.2769230769230769,0.3769230769230769,-0.4153846153846154,0.2538461538461538,-0.6000000000000000,0.2076923076923077,-0.7692307692307693,0.1769230769230769,-0.9230769230769231,0.4846153846153846,-0.3846153846153846,0.1000000000000000,-0.2923076923076923,0.0384615384615385,-0.1230769230769231,0.0538461538461538,0.0000000000000000,0.5307692307692308,-0.2769230769230769,0.1461538461538462,-0.1538461538461539,0.1153846153846154,-0.0153846153846154,0.1615384615384615,0.0923076923076923,0.5461538461538461,-0.1076923076923077,0.2538461538461538,-0.0461538461538462,0.1769230769230769,0.0461538461538462,0.1769230769230769,0.1230769230769231,-0.6846153846153846,-0.1846153846153846,-0.4230769230769231,-0.2153846153846154,-0.2230769230769231,-0.3538461538461539,-0.0692307692307692,-0.4000000000000000,0.1000000000000000,-0.4307692307692308,-0.3923076923076923,-0.7846153846153846,-0.2230769230769231,-0.9538461538461539,-0.0230769230769231,-1.0000000000000000,0.1153846153846154,-1.0000000000000000,-0.4846153846153846,-0.7846153846153846,-0.1307692307692308,-0.6923076923076923,-0.1615384615384615,-0.4923076923076923,-0.2384615384615385,-0.4307692307692308,-0.5461538461538461,-0.7076923076923077,-0.2230769230769231,-0.5692307692307692,-0.2692307692307692,-0.4153846153846154,-0.3615384615384615,-0.4000000000000000,-0.6076923076923076,-0.5846153846153846,-0.3461538461538461,-0.4615384615384616,-0.3769230769230769,-0.3538461538461539,-0.4692307692307692,-0.3538461538461539
D,0.6953125000000000,0.1093750000000000,0.3984375000000000,0.0625000000000000,0.2421875000000000,-0.0781250000000000,0.1328125000000000,-0.1875000000000000,0.0234375000000000,-0.2812500000000000,0.3828125000000000,-0.4375000000000000,0.2265625000000000,-0.5937500000000000,0.1484375000000000,-0.7343750000000000,0.0859375000000000,-0.8593750000000000,0.4609375000000000,-0.4062500000000000,0.1171875000000000,-0.2812500000000000,0.0546875000000000,-0.1250000000000000,0.0546875000000000,-0.0156250000000000,0.5078125000000000,-0.2968750000000000,0.1640625000000000,-0.1718750000000000,0.1328125000000000,-0.0312500000000000,0.1796875000000000,0.0625000000000000,0.5390625000000000,-0.1406250000000000,0.2734375000000000,-0.0781250000000000,0.1953125000000000,0.0156250000000000,0.1953125000000000,0.0781250000000000,-0.6953125000000000,-0.1093750000000000,-0.4453125000000000,-0.1718750000000000,-0.2578125000000000,-0.3281250000000000,-0.1015625000000000,-0.4062500000000000,0.0546875000000000,-0.4375000000000000,-0.4296875000000000,-0.7343750000000000,-0.2890625000000000,-0.9375000000000000,-0.1015625000000000,-1.0000000000000000,0.0390625000000000,-1.0000000000000000,-0.5390625000000000,-0.7343750000000000,-0.1953125000000000,-0.6875000000000000,-0.1796875000000000,-0.5000000000000000,-0.2578125000000000,-0.4062500000000000,-0.6171875000000000,-0.6406250000000000,-0.2890625000000000,-0.5468750000000000,-0.3203125000000000,-0.3906250000000000,-0.4140625000000000,-0.3593750000000000,-0.6640625000000000,-0.5156250000000000,-0.3984375000000000,-0.4375000000000000,-0.4296875000000000,-0.3125000000000000,-0.5234375000000000,-0.3125000000000000
D,0.5737704918032787,0.0491803278688525,0.3114754098360656,-0.0819672131147541,0.1803278688524590,-0.2786885245901639,0.1147540983606557,-0.4426229508196721,0.0819672131147541,-0.5737704918032787,0.2459016393442623,-0.5737704918032787,0.0819672131147541,-0.6721311475409836,-0.0163934426229508,-0.6065573770491803,-0.0491803278688525,-0.5081967213114754,0.3442622950819672,-0.5081967213114754,0.1147540983606557,-0.4754098360655737,0.0491803278688525,-0.3442622950819672,0.0491803278688525,-0.2131147540983606,0.4098360655737705,-0.4098360655737705,0.1803278688524590,-0.3442622950819672,0.1147540983606557,-0.2131147540983606,0.1147540983606557,-0.1147540983606557,0.4426229508196721,-0.2459016393442623,0.2459016393442623,-0.1803278688524590,0.1803278688524590,-0.0819672131147541,0.1803278688524590,0.0163934426229508,-0.5737704918032787,-0.0491803278688525,-0.3442622950819672,-0.2459016393442623,-0.2131147540983606,-0.4426229508196721,-0.1475409836065574,-0.5737704918032787,-0.1147540983606557,-0.6393442622950820,-0.3442622950819672,-0.7049180327868853,-0.3770491803278688,-0.9344262295081968,-0.2786885245901639,-1.0000000000000000,-0.1803278688524590,-1.0000000000000000,-0.4098360655737705,-0.6721311475409836,-0.4426229508196721,-0.9344262295081968,-0.3442622950819672,-0.9672131147540983,-0.2459016393442623,-0.9344262295081968,-0.4754098360655737,-0.6065573770491803,-0.4754098360655737,-0.8360655737704918,-0.3442622950819672,-0.8360655737704918,-0.2786885245901639,-0.8032786885245902,-0.5081967213114754,-0.5081967213114754,-0.4754098360655737,-0.6393442622950820,-0.3770491803278688,-0.6393442622950820,-0.3442622950819672,-0.6065573770491803
D,0.7132352941176471,0.1764705882352941,0.4485294117647059,0.1470588235294118,0.2720588235294117,0.0588235294117647,0.1250000000000000,0.0147058823529412,-0.0073529411764706,-0.0294117647058824,0.3455882352941176,-0.3382352941176471,0.1691176470588235,-0.4411764705882353,0.0808823529411765,-0.5588235294117647,0.0220588235294118,-0.6617647058823529,0.4338235294117647,-0.3382352941176471,0.1102941176470588,-0.1764705882352941,0.1102941176470588,-0.0147058823529412,0.1691176470588235,0.0588235294117647,0.5220588235294118,-0.2500000000000000,0.1838235294117647,-0.0735294117647059,0.2426470588235294,0.0441176470588235,0.3161764705882353,0.0882352941176471,0.5808823529411765,-0.1323529411764706,0.3308823529411765,0.0000000000000000,0.3455882352941176,0.0735294117647059,0.4044117647058824,0.1176470588235294,-0.7132352941176471,-0.1764705882352941,-0.4779411764705883,-0.2205882352941176,-0.2720588235294117,-0.3529411764705883,-0.1102941176470588,-0.4117647058823529,0.0367647058823529,-0.4411764705882353,-0.4926470588235294,-0.7205882352941176,-0.3750000000000000,-0.9264705882352942,-0.2132352941176471,-0.9852941176470589,-0.0808823529411765,-1.0000000000000000,-0.5514705882352942,-0.7058823529411765,-0.2573529411764706,-0.6764705882352942,-0.2720588235294117,-0.5441176470588235,-0.3455882352941176,-0.4852941176470588,-0.5955882352941176,-0.6470588235294118,-0.3014705882352941,-0.6029411764705882,-0.3308823529411765,-0.4705882352941176,-0.4044117647058824,-0.4411764705882353,-0.6102941176470589,-0.5588235294117647,-0.3897058823529412,-0.5294117647058824,-0.4191176470588235,-0.4264705882352941,-0.5073529411764706,-0.3970588235294117
D,0.4675324675324675,0.3506493506493507,0.2337662337662338,0.1948051948051948,0.1298701298701299,0.0389610389610390,0.0519480519480520,-0.0389610389610390,0.0000000000000000,-0.1168831168831169,0.2337662337662338,-0.2727272727272727,0.2077922077922078,-0.4545454545454545,0.1818181818181818,-0.6103896103896104,0.1558441558441558,-0.7142857142857143,0.3116883116883117,-0.2727272727272727,0.0519480519480520,-0.1948051948051948,0.0259740259740260,-0.0649350649350649,0.0779220779220779,0.0389610389610390,0.3636363636363636,-0.1688311688311688,0.1038961038961039,-0.0649350649350649,0.1298701298701299,0.0389610389610390,0.2077922077922078,0.0909090909090909,0.3896103896103896,-0.0649350649350649,0.1818181818181818,0.0129870129870130,0.2077922077922078,0.0909090909090909,0.2597402597402597,0.1428571428571428,-0.4675324675324675,-0.3506493506493507,-0.3116883116883117,-0.4025974025974026,-0.1558441558441558,-0.4805194805194805,-0.0259740259740260,-0.5064935064935064,0.0779220779220779,-0.5064935064935064,-0.2077922077922078,-0.7142857142857143,-0.1298701298701299,-0.8701298701298701,-0.0519480519480520,-0.9480519480519480,0.0000000000000000,-1.0000000000000000,-0.2597402597402597,-0.7142857142857143,-0.1558441558441558,-0.8441558441558441,-0.0779220779220779,-0.8961038961038961,0.0000000000000000,-0.9220779220779221,-0.3116883116883117,-0.7142857142857143,-0.1818181818181818,-0.7402597402597403,-0.1558441558441558,-0.6363636363636364,-0.1558441558441558,-0.5584415584415584,-0.3636363636363636,-0.6883116883116883,-0.2597402597402597,-0.6883116883116883,-0.2337662337662338,-0.6363636363636364,-0.2337662337662338,-0.5584415584415584
D,0.5104895104895105,0.2867132867132867,0.3006993006993007,0.0629370629370629,0.1888111888111888,-0.1608391608391608,0.1328671328671329,-0.3286713286713286,0.0909090909090909,-0.4265734265734266,0.3286713286713286,-0.3986013986013986,0.2447552447552448,-0.6503496503496503,0.2167832167832168,-0.8181818181818182,0.1888111888111888,-0.9440559440559441,0.4265734265734266,-0.3706293706293706,0.0909090909090909,-0.3146853146853147,0.0349650349650350,-0.1888111888111888,0.0769230769230769,-0.1048951048951049,0.4825174825174825,-0.2447552447552448,0.1468531468531468,-0.1888111888111888,0.1328671328671329,-0.0629370629370629,0.2027972027972028,-0.0209790209790210,0.5104895104895105,-0.1048951048951049,0.2447552447552448,-0.0769230769230769,0.2167832167832168,0.0069930069930070,0.2727272727272727,0.0349650349650350,-0.5104895104895105,-0.2867132867132867,-0.2867132867132867,-0.3706293706293706,-0.1188811188811189,-0.5104895104895105,-0.0349650349650350,-0.6363636363636364,0.0209790209790210,-0.7062937062937062,-0.2727272727272727,-0.7902097902097902,-0.1468531468531468,-0.9720279720279720,-0.0209790209790210,-1.0000000000000000,0.0769230769230769,-1.0000000000000000,-0.3286713286713286,-0.7622377622377622,-0.0349650349650350,-0.6643356643356644,-0.0769230769230769,-0.5524475524475524,-0.1468531468531468,-0.5244755244755245,-0.3706293706293706,-0.6923076923076923,-0.0769230769230769,-0.5664335664335665,-0.1328671328671329,-0.4685314685314685,-0.2027972027972028,-0.4545454545454545,-0.3846153846153846,-0.5944055944055944,-0.1608391608391608,-0.5104895104895105,-0.1888111888111888,-0.4265734265734266,-0.2727272727272727,-0.4265734265734266
D,0.3855421686746988,0.2048192771084337,0.2168674698795181,0.0120481927710843,0.1445783132530120,-0.2048192771084337,0.1204819277108434,-0.3493975903614458,0.0963855421686747,-0.4457831325301205,0.2650602409638554,-0.3975903614457831,0.2409638554216867,-0.6144578313253012,0.2168674698795181,-0.7831325301204819,0.1686746987951807,-0.9036144578313253,0.3132530120481928,-0.3493975903614458,0.1204819277108434,-0.3734939759036144,0.0722891566265060,-0.2530120481927711,0.0963855421686747,-0.1807228915662651,0.3132530120481928,-0.2530120481927711,0.1204819277108434,-0.2289156626506024,0.0722891566265060,-0.1325301204819277,0.1204819277108434,-0.0843373493975904,0.3132530120481928,-0.1325301204819277,0.1445783132530120,-0.1084337349397590,0.0963855421686747,-0.0361445783132530,0.1445783132530120,0.0120481927710843,-0.3855421686746988,-0.2048192771084337,-0.2168674698795181,-0.3012048192771085,-0.0963855421686747,-0.3975903614457831,-0.0240963855421687,-0.4698795180722892,0.0481927710843374,-0.4939759036144578,-0.1927710843373494,-0.7108433734939759,-0.1445783132530120,-0.8554216867469879,-0.0481927710843374,-0.9518072289156626,0.0240963855421687,-1.0000000000000000,-0.2168674698795181,-0.6867469879518072,-0.0481927710843374,-0.6385542168674698,-0.0481927710843374,-0.5421686746987951,-0.0963855421686747,-0.4698795180722892,-0.2409638554216867,-0.6144578313253012,-0.0722891566265060,-0.5662650602409639,-0.0722891566265060,-0.4698795180722892,-0.1204819277108434,-0.3975903614457831,-0.2650602409638554,-0.5421686746987951,-0.1204819277108434,-0.4939759036144578,-0.1204819277108434,-0.4216867469879518,-0.1686746987951807,-0.3734939759036144
D,0.7187500000000000,0.6250000000000000,0.5312500000000000,0.3125000000000000,0.4687500000000000,0.0000000000000000,0.3437500000000000,-0.1875000000000000,0.2812500000000000,-0.2500000000000000,0.5937500000000000,-0.3125000000000000,0.5937500000000000,-0.6875000000000000,0.5312500000000000,-0.8750000000000000,0.5312500000000000,-0.9375000000000000,0.6562500000000000,-0.1875000000000000,0.2812500000000000,-0.3750000000000000,0.1562500000000000,-0.2500000000000000,0.2187500000000000,-0.0625000000000000,0.6562500000000000,0.0000000000000000,0.2187500000000000,-0.1250000000000000,0.1562500000000000,0.0000000000000000,0.2187500000000000,0.1250000000000000,0.5937500000000000,0.1875000000000000,0.2187500000000000,0.1250000000000000,0.2187500000000000,0.1875000000000000,0.2812500000000000,0.2500000000000000,-0.7187500000000000,-0.6250000000000000,-0.4687500000000000,-0.5625000000000000,-0.2187500000000000,-0.5625000000000000,-0.0312500000000000,-0.5625000000000000,0.0312500000000000,-0.5625000000000000,-0.0312500000000000,-1.0000000000000000,0.2187500000000000,-1.0000000000000000,0.2187500000000000,-0.8750000000000000,0.1562500000000000,-0.8125000000000000,-0.0312500000000000,-1.0000000000000000,0.1562500000000000,-0.8750000000000000,0.0937500000000000,-0.8125000000000000,-0.0312500000000000,-0.7500000000000000,-0.1562500000000000,-0.9375000000000000,0.0312500000000000,-0.8125000000000000,-0.0312500000000000,-0.6875000000000000,-0.1562500000000000,-0.6250000000000000,-0.2187500000000000,-0.8750000000000000,-0.0937500000000000,-0.7500000000000000,-0.1562500000000000,-0.6250000000000000,-0.2187500000000000,-0.6250000000000000
D,0.6969696969696970,0.4545454545454545,0.5151515151515151,0.1515151515151515,0.3939393939393939,-0.0909090909090909,0.3333333333333333,-0.2727272727272727,0.2121212121212121,-0.3333333333333333,0.5757575757575758,-0.3333333333333333,0.5151515151515151,-0.5757575757575758,0.4545454545454545,-0.6969696969696970,0.3939393939393939,-0.8181818181818182,0.6363636363636364,-0.2121212121212121,0.2727272727272727,-0.3333333333333333,0.1515151515151515,-0.2727272727272727,0.1515151515151515,-0.1515151515151515,0.6363636363636364,-0.0303030303030303,0.2121212121212121,-0.0303030303030303,0.2121212121212121,0.0303030303030303,0.2727272727272727,0.0909090909090909,0.5757575757575758,0.1515151515151515,0.2727272727272727,0.1515151515151515,0.2727272727272727,0.2121212121212121,0.3333333333333333,0.2121212121212121,-0.6969696969696970,-0.4545454545454545,-0.2727272727272727,-0.3939393939393939,-0.0303030303030303,-0.3939393939393939,0.1515151515151515,-0.3333333333333333,0.3333333333333333,-0.3333333333333333,0.0909090909090909,-0.8787878787878788,0.3333333333333333,-1.0000000000000000,0.4545454545454545,-0.8787878787878788,0.5151515151515151,-0.8181818181818182,0.0303030303030303,-0.8787878787878788,0.2727272727272727,-0.9393939393939394,0.3333333333333333,-0.8787878787878788,0.3939393939393939,-0.8181818181818182,-0.0909090909090909,-0.8787878787878788,0.0909090909090909,-0.6969696969696970,0.0303030303030303,-0.6363636363636364,-0.0909090909090909,-0.5757575757575758,-0.2121212121212121,-0.8181818181818182,-0.0909090909090909,-0.6969696969696970,-0.0909090909090909,-0.5757575757575758,-0.2121212121212121,-0.5757575757575758
D,0.7272727272727273,0.4545454545454545,0.5454545454545454,0.2121212121212121,0.4242424242424243,-0.0909090909090909,0.3030303030303030,-0.2727272727272727,0.1818181818181818,-0.3939393939393939,0.6666666666666666,-0.2727272727272727,0.6666666666666666,-0.5757575757575758,0.6060606060606061,-0.7575757575757576,0.5454545454545454,-0.9393939393939394,0.7272727272727273,-0.1515151515151515,0.3636363636363636,-0.2727272727272727,0.1212121212121212,-0.2727272727272727,0.0000000000000000,-0.2121212121212121,0.7272727272727273,0.0303030303030303,0.3030303030303030,-0.0303030303030303,0.2424242424242424,0.0909090909090909,0.3030303030303030,0.2121212121212121,0.6666666666666666,0.2727272727272727,0.3636363636363636,0.2121212121212121,0.3030303030303030,0.2727272727272727,0.3636363636363636,0.3333333333333333,-0.7272727272727273,-0.4545454545454545,-0.4242424242424243,-0.5151515151515151,-0.1212121212121212,-0.5757575757575758,0.1212121212121212,-0.5757575757575758,0.2424242424242424,-0.5151515151515151,0.0000000000000000,-0.8787878787878788,0.3030303030303030,-1.0000000000000000,0.4848484848484849,-0.9393939393939394,0.6060606060606061,-0.8787878787878788,-0.0606060606060606,-0.8181818181818182,0.1818181818181818,-0.7575757575757576,0.1818181818181818,-0.6363636363636364,0.1212121212121212,-0.5757575757575758,-0.0606060606060606,-0.7575757575757576,0.1212121212121212,-0.6363636363636364,0.0606060606060606,-0.5151515151515151,0.0000000000000000,-0.5151515151515151,-0.1212121212121212,-0.5757575757575758,0.0000000000000000,-0.5151515151515151,-0.0606060606060606,-0.4545454545454545,-0.1212121212121212,-0.4545454545454545
D,0.5882352941176471,0.4705882352941176,0.4117647058823529,0.1764705882352941,0.2941176470588235,-0.0588235294117647,0.1176470588235294,-0.2352941176470588,-0.0588235294117647,-0.2941176470588235,0.4705882352941176,-0.2352941176470588,0.4705882352941176,-0.5294117647058824,0.4117647058823529,-0.7058823529411765,0.4117647058823529,-0.8823529411764706,0.5294117647058824,-0.1176470588235294,0.1764705882352941,-0.2352941176470588,0.1176470588235294,-0.0588235294117647,0.1764705882352941,0.0588235294117647,0.5294117647058824,0.0588235294117647,0.1176470588235294,0.0000000000000000,0.1176470588235294,0.1176470588235294,0.2352941176470588,0.1764705882352941,0.4705882352941176,0.1764705882352941,0.1764705882352941,0.1764705882352941,0.1764705882352941,0.2352941176470588,0.2941176470588235,0.2941176470588235,-0.5882352941176471,-0.4705882352941176,-0.3529411764705883,-0.5294117647058824,-0.1764705882352941,-0.5882352941176471,0.0000000000000000,-0.6470588235294118,0.1176470588235294,-0.7058823529411765,-0.1176470588235294,-0.9411764705882353,0.0588235294117647,-1.0000000000000000,0.2352941176470588,-1.0000000000000000,0.3529411764705883,-1.0000000000000000,-0.1764705882352941,-0.9411764705882353,0.0000000000000000,-0.7647058823529411,-0.0588235294117647,-0.5882352941176471,-0.1176470588235294,-0.5294117647058824,-0.2352941176470588,-0.8823529411764706,-0.0588235294117647,-0.7058823529411765,-0.1176470588235294,-0.5882352941176471,-0.1764705882352941,-0.5294117647058824,-0.3529411764705883,-0.7647058823529411,-0.1764705882352941,-0.6470588235294118,-0.1764705882352941,-0.5294117647058824,-0.2352941176470588,-0.4705882352941176
E,1.0000000000000000,-0.0413223140495868,0.7520661157024794,-0.1900826446280992,0.4876033057851240,-0.1735537190082645,0.3223140495867768,-0.0578512396694215,0.2396694214876033,0.0578512396694215,0.3388429752066116,-0.2396694214876033,0.0743801652892562,-0.1735537190082645,-0.0578512396694215,-0.1570247933884298,-0.1900826446280992,-0.1570247933884298,0.4380165289256198,-0.1735537190082645,0.2396694214876033,0.2066115702479339,0.3388429752066116,0.2396694214876033,0.4380165289256198,0.1735537190082645,0.5702479338842975,-0.0578512396694215,0.4214876033057851,0.3057851239669421,0.5206611570247934,0.2727272727272727,0.6033057851239669,0.1570247933884298,0.7190082644628100,0.0578512396694215,0.5867768595041323,0.3388429752066116,0.6859504132231405,0.2892561983471074,0.7520661157024794,0.1900826446280992,-1.0000000000000000,0.0413223140495868,-0.7355371900826446,0.0743801652892562,-0.4545454545454545,0.0909090909090909,-0.2231404958677686,0.1570247933884298,-0.0413223140495868,0.2561983471074380,-0.4380165289256198,-0.2727272727272727,-0.1900826446280992,-0.5206611570247934,-0.0082644628099174,-0.5867768595041323,0.1404958677685950,-0.6363636363636364,-0.5041322314049587,-0.2727272727272727,-0.2396694214876033,0.0082644628099174,-0.3388429752066116,0.1404958677685950,-0.4710743801652892,0.1404958677685950,-0.5867768595041323,-0.1735537190082645,-0.2892561983471074,0.1239669421487603,-0.4049586776859504,0.2066115702479339,-0.5206611570247934,0.1735537190082645,-0.6694214876033058,-0.0413223140495868,-0.4380165289256198,0.2066115702479339,-0.5206611570247934,0.2892561983471074,-0.6198347107438017,0.2727272727272727
E,1.0000000000000000,-0.2456140350877193,0.7543859649122807,-0.1578947368421053,0.5438596491228070,0.0000000000000000,0.4210526315789473,0.2105263157894737,0.3684210526315789,0.3684210526315789,0.2456140350877193,-0.2456140350877193,-0.0350877192982456,-0.1578947368421053,-0.1578947368421053,-0.1052631578947368,-0.2280701754385965,-0.0701754385964912,0.3333333333333333,-0.2456140350877193,0.1929824561403509,0.1754385964912281,0.3333333333333333,0.2280701754385965,0.4210526315789473,0.1403508771929824,0.4736842105263158,-0.1754385964912281,0.4035087719298245,0.2456140350877193,0.5438596491228070,0.2280701754385965,0.5964912280701754,0.1228070175438596,0.6491228070175439,-0.0877192982456140,0.5789473684210527,0.2456140350877193,0.6842105263157895,0.2280701754385965,0.7192982456140351,0.1228070175438596,-1.0000000000000000,0.2456140350877193,-0.6666666666666666,0.2982456140350877,-0.4035087719298245,0.2105263157894737,-0.1929824561403509,0.1929824561403509,0.0000000000000000,0.2105263157894737,-0.5087719298245614,-0.2982456140350877,-0.2631578947368421,-0.5087719298245614,-0.0526315789473684,-0.5263157894736842,0.1052631578947368,-0.5087719298245614,-0.5614035087719298,-0.3157894736842105,-0.1929824561403509,-0.0877192982456140,-0.2982456140350877,0.0350877192982456,-0.4035087719298245,0.0175438596491228,-0.5964912280701754,-0.2456140350877193,-0.2631578947368421,0.0175438596491228,-0.3684210526315789,0.1228070175438596,-0.4736842105263158,0.0877192982456140,-0.6315789473684210,-0.1228070175438596,-0.3508771929824561,0.1052631578947368,-0.4561403508771930,0.2105263157894737,-0.5789473684210527,0.1754385964912281
E,1.0000000000000000,-0.2155172413793103,0.7586206896551724,-0.1293103448275862,0.5517241379310345,0.0086206896551724,0.4310344827586207,0.2155172413793103,0.3620689655172414,0.3534482758620690,0.2586206896551724,-0.2327586206896552,-0.0344827586206897,-0.1465517241379310,-0.1724137931034483,-0.1120689655172414,-0.2586206896551724,-0.0775862068965517,0.3448275862068966,-0.2327586206896552,0.1896551724137931,0.1637931034482759,0.3448275862068966,0.2155172413793103,0.4310344827586207,0.1465517241379310,0.4827586206896552,-0.1810344827586207,0.4137931034482759,0.2500000000000000,0.5517241379310345,0.2327586206896552,0.6034482758620690,0.1120689655172414,0.6379310344827587,-0.0948275862068965,0.5862068965517241,0.2327586206896552,0.6896551724137931,0.2155172413793103,0.7413793103448276,0.1120689655172414,-1.0000000000000000,0.2155172413793103,-0.6551724137931034,0.2672413793103448,-0.3793103448275862,0.1982758620689655,-0.1724137931034483,0.1465517241379310,0.0344827586206897,0.1465517241379310,-0.4827586206896552,-0.2844827586206897,-0.2413793103448276,-0.5086206896551724,-0.0344827586206897,-0.5086206896551724,0.1034482758620690,-0.4913793103448276,-0.5344827586206896,-0.3017241379310345,-0.1724137931034483,-0.0948275862068965,-0.2758620689655172,0.0431034482758621,-0.3793103448275862,0.0258620689655172,-0.5862068965517241,-0.2327586206896552,-0.2413793103448276,0.0086206896551724,-0.3448275862068966,0.1293103448275862,-0.4482758620689655,0.0948275862068965,-0.6206896551724138,-0.1120689655172414,-0.3448275862068966,0.0948275862068965,-0.4482758620689655,0.1982758620689655,-0.5517241379310345,0.1810344827586207
E,1.0000000000000000,-0.3534482758620690,0.7413793103448276,-0.4051724137931034,0.5172413793103449,-0.2500000000000000,0.4137931034482759,0.0258620689655172,0.3965517241379310,0.2155172413793103,0.2758620689655172,-0.3706896551724138,0.0344827586206897,-0.2327586206896552,-0.1034482758620690,-0.1982758620689655,-0.2241379310344828,-0.1810344827586207,0.4137931034482759,-0.3362068965517241,0.2586206896551724,0.1120689655172414,0.3965517241379310,0.1293103448275862,0.4827586206896552,0.0431034482758621,0.6034482758620690,-0.2500000000000000,0.5000000000000000,0.1810344827586207,0.6034482758620690,0.1293103448275862,0.6551724137931034,-0.0086206896551724,0.7758620689655172,-0.1637931034482759,0.6896551724137931,0.1637931034482759,0.7586206896551724,0.1120689655172414,0.8103448275862069,-0.0086206896551724,-1.0000000000000000,0.3534482758620690,-0.6551724137931034,0.3706896551724138,-0.4137931034482759,0.2844827586206897,-0.1724137931034483,0.2672413793103448,0.0344827586206897,0.3017241379310345,-0.5862068965517241,-0.3189655172413793,-0.3620689655172414,-0.5775862068965517,-0.1379310344827586,-0.6637931034482759,0.0344827586206897,-0.6810344827586207,-0.6551724137931034,-0.3189655172413793,-0.2241379310344828,-0.0775862068965517,-0.3275862068965517,0.0948275862068965,-0.4655172413793103,0.0948275862068965,-0.6896551724137931,-0.1982758620689655,-0.3103448275862069,0.0948275862068965,-0.4137931034482759,0.2155172413793103,-0.5344827586206896,0.1810344827586207,-0.7068965517241379,-0.0431034482758621,-0.3965517241379310,0.1982758620689655,-0.4827586206896552,0.3189655172413793,-0.6034482758620690,0.3017241379310345
E,1.0000000000000000,-0.5046728971962616,0.7196261682242990,-0.4859813084112150,0.4953271028037383,-0.2990654205607476,0.4205607476635514,-0.0186915887850467,0.4205607476635514,0.1869158878504673,0.2897196261682243,-0.3738317757009346,0.0467289719626168,-0.2242990654205607,-0.0841121495327103,-0.1682242990654206,-0.2149532710280374,-0.1495327102803738,0.4205607476635514,-0.3364485981308411,0.3084112149532710,0.1308411214953271,0.4392523364485981,0.1495327102803738,0.5140186915887850,0.0747663551401869,0.6074766355140186,-0.2616822429906542,0.5700934579439252,0.2056074766355140,0.6635514018691588,0.1495327102803738,0.7009345794392523,0.0186915887850467,0.8130841121495327,-0.2056074766355140,0.7757009345794392,0.1682242990654206,0.8504672897196262,0.1121495327102804,0.8878504672897196,-0.0186915887850467,-1.0000000000000000,0.5046728971962616,-0.6635514018691588,0.4672897196261682,-0.4018691588785047,0.3738317757009346,-0.1588785046728972,0.3551401869158878,0.0654205607476635,0.3738317757009346,-0.6074766355140186,-0.2429906542056075,-0.4205607476635514,-0.5420560747663551,-0.2149532710280374,-0.6542056074766355,-0.0467289719626168,-0.6915887850467289,-0.7009345794392523,-0.2242990654205607,-0.2336448598130841,0.0000000000000000,-0.3271028037383177,0.1682242990654206,-0.4766355140186916,0.1869158878504673,-0.7570093457943925,-0.0934579439252336,-0.3084112149532710,0.1682242990654206,-0.4018691588785047,0.2990654205607476,-0.5327102803738317,0.2803738317757009,-0.7757009345794392,0.0934579439252336,-0.4205607476635514,0.3177570093457944,-0.4953271028037383,0.4299065420560748,-0.6261682242990654,0.4485981308411215
E,1.0000000000000000,-0.5363636363636364,0.6909090909090909,-0.5000000000000000,0.4545454545454545,-0.3181818181818182,0.4000000000000000,-0.0818181818181818,0.4181818181818182,0.1000000000000000,0.3272727272727273,-0.3545454545454546,0.1090909090909091,-0.1727272727272727,-0.0363636363636364,-0.1181818181818182,-0.1636363636363636,-0.0818181818181818,0.4727272727272727,-0.3181818181818182,0.3818181818181818,0.1545454545454545,0.5090909090909090,0.1545454545454545,0.5818181818181818,0.0454545454545455,0.6727272727272727,-0.2636363636363636,0.6363636363636364,0.1909090909090909,0.7272727272727273,0.1363636363636364,0.7454545454545455,0.0090909090909091,0.8727272727272727,-0.2090909090909091,0.8363636363636363,0.1363636363636364,0.8909090909090909,0.0818181818181818,0.9272727272727272,-0.0454545454545455,-1.0000000000000000,0.5363636363636364,-0.6181818181818182,0.4818181818181818,-0.3090909090909091,0.3909090909090909,-0.0545454545454545,0.3545454545454546,0.1818181818181818,0.3727272727272727,-0.5090909090909090,-0.1000000000000000,-0.3454545454545455,-0.4272727272727272,-0.1636363636363636,-0.5727272727272728,-0.0181818181818182,-0.6818181818181818,-0.5636363636363636,-0.0636363636363636,-0.1636363636363636,0.1000000000000000,-0.2363636363636364,0.3000000000000000,-0.3636363636363636,0.3545454545454546,-0.6363636363636364,0.0454545454545455,-0.2000000000000000,0.2454545454545455,-0.2909090909090909,0.4090909090909091,-0.4181818181818182,0.4272727272727272,-0.6727272727272727,0.2090909090909091,-0.3272727272727273,0.3727272727272727,-0.3818181818181818,0.5181818181818182,-0.4727272727272727,0.5727272727272728
E,0.9218750000000000,0.0312500000000000,0.6718750000000000,-0.0625000000000000,0.4218750000000000,-0.2812500000000000,0.2031250000000000,-0.4062500000000000,0.0156250000000000,-0.4687500000000000,0.5468750000000000,-0.7500000000000000,0.3906250000000000,-1.0000000000000000,0.2343750000000000,-0.9687500000000000,0.1406250000000000,-0.8750000000000000,0.7031250000000000,-0.7812500000000000,0.3906250000000000,-0.5312500000000000,0.3906250000000000,-0.3125000000000000,0.4843750000000000,-0.2812500000000000,0.8593750000000000,-0.6875000000000000,0.5156250000000000,-0.3750000000000000,0.5781250000000000,-0.2187500000000000,0.6718750000000000,-0.2187500000000000,0.9843750000000000,-0.5312500000000000,0.7031250000000000,-0.3125000000000000,0.7031250000000000,-0.1875000000000000,0.7968750000000000,-0.1562500000000000,-0.9218750000000000,-0.0312500000000000,-0.7031250000000000,-0.1562500000000000,-0.4218750000000000,-0.2500000000000000,-0.2343750000000000,-0.2500000000000000,-0.0781250000000000,-0.2187500000000000,-0.3593750000000000,-0.4687500000000000,-0.1093750000000000,-0.5000000000000000,0.0468750000000000,-0.4687500000000000,0.2031250000000000,-0.4687500000000000,-0.4218750000000000,-0.4062500000000000,-0.0781250000000000,-0.0937500000000000,-0.1718750000000000,-0.0312500000000000,-0.2656250000000000,-0.0937500000000000,-0.5156250000000000,-0.2812500000000000,-0.2343750000000000,0.0625000000000000,-0.3281250000000000,0.0937500000000000,-0.4218750000000000,0.0312500000000000,-0.6406250000000000,-0.1250000000000000,-0.3906250000000000,0.1562500000000000,-0.4843750000000000,0.1562500000000000,-0.5781250000000000,0.0937500000000000
E,1.0000000000000000,-0.0877192982456140,0.7543859649122807,-0.1578947368421053,0.5087719298245614,-0.2631578947368421,0.3333333333333333,-0.3333333333333333,0.1929824561403509,-0.3684210526315789,0.5087719298245614,-0.6842105263157895,0.3333333333333333,-0.5789473684210527,0.2280701754385965,-0.4385964912280702,0.1578947368421053,-0.2982456140350877,0.6491228070175439,-0.6491228070175439,0.4385964912280702,-0.4385964912280702,0.3684210526315789,-0.2631578947368421,0.3684210526315789,-0.1578947368421053,0.7894736842105263,-0.5438596491228070,0.5789473684210527,-0.3684210526315789,0.5087719298245614,-0.1929824561403509,0.5438596491228070,-0.0877192982456140,0.8947368421052632,-0.4035087719298245,0.7192982456140351,-0.2982456140350877,0.6491228070175439,-0.1929824561403509,0.6491228070175439,-0.0877192982456140,-1.0000000000000000,0.0877192982456140,-0.8596491228070176,-0.0175438596491228,-0.6140350877192983,-0.1228070175438596,-0.4385964912280702,-0.1578947368421053,-0.2982456140350877,-0.1228070175438596,-0.5789473684210527,0.0175438596491228,-0.4035087719298245,0.0877192982456140,-0.2982456140350877,0.1578947368421053,-0.2631578947368421,0.2280701754385965,-0.6491228070175439,0.1228070175438596,-0.5087719298245614,0.1929824561403509,-0.4035087719298245,0.2280701754385965,-0.3684210526315789,0.2982456140350877,-0.7192982456140351,0.2631578947368421,-0.5789473684210527,0.2982456140350877,-0.5087719298245614,0.3333333333333333,-0.4736842105263158,0.3684210526315789,-0.8245614035087719,0.3333333333333333,-0.6842105263157895,0.4035087719298245,-0.6491228070175439,0.4385964912280702,-0.6140350877192983,0.4385964912280702
E,0.6842105263157895,-0.0921052631578947,0.5789473684210527,-0.0394736842105263,0.4736842105263158,0.0131578947368421,0.3684210526315789,0.0657894736842105,0.2894736842105263,0.0657894736842105,0.6842105263157895,0.0394736842105263,0.6842105263157895,0.1447368421052632,0.7105263157894737,0.1973684210526316,0.7368421052631579,0.2500000000000000,0.7631578947368421,0.0657894736842105,0.7368421052631579,0.2236842105263158,0.7631578947368421,0.3026315789473684,0.8157894736842105,0.3552631578947368,0.8157894736842105,0.0921052631578947,0.8157894736842105,0.2500000000000000,0.8947368421052632,0.3552631578947368,0.9473684210526315,0.4342105263157895,0.8684210526315790,0.1184210526315789,0.8947368421052632,0.2500000000000000,0.9736842105263158,0.3552631578947368,1.0000000000000000,0.4078947368421053,-0.6842105263157895,0.0921052631578947,-0.3947368421052632,0.1447368421052632,-0.1578947368421053,0.1447368421052632,0.0000000000000000,0.1973684210526316,0.0789473684210526,0.2236842105263158,-0.0263157894736842,-0.1710526315789474,0.2105263157894737,-0.0921052631578947,0.3421052631578947,-0.0394736842105263,0.4473684210526316,-0.0394736842105263,-0.1052631578947368,-0.1710526315789474,0.0789473684210526,0.0921052631578947,0.0000000000000000,0.1447368421052632,-0.0789473684210526,0.1184210526315789,-0.2105263157894737,-0.1184210526315789,-0.0263157894736842,0.1184210526315789,-0.1315789473684210,0.1710526315789474,-0.2105263157894737,0.1447368421052632,-0.2894736842105263,-0.0657894736842105,-0.1578947368421053,0.1447368421052632,-0.2368421052631579,0.1973684210526316,-0.2894736842105263,0.1710526315789474
E,0.6901408450704225,-0.5774647887323944,0.5211267605633803,-0.8873239436619719,0.2112676056338028,-1.0000000000000000,-0.0704225352112676,-0.9154929577464789,-0.2112676056338028,-0.7746478873239436,0.0422535211267606,-0.9718309859154930,-0.3521126760563380,-1.0000000000000000,-0.6056338028169014,-1.0000000000000000,-0.8028169014084507,-0.9718309859154930,-0.0140845070422535,-0.7746478873239436,-0.4647887323943662,-0.8028169014084507,-0.7464788732394366,-0.8028169014084507,-0.9436619718309859,-0.8028169014084507,-0.0422535211267606,-0.6056338028169014,-0.4366197183098591,-0.6338028169014085,-0.6901408450704225,-0.6338028169014085,-0.8873239436619719,-0.6338028169014085,-0.0140845070422535,-0.4366197183098591,-0.2957746478873239,-0.5211267605633803,-0.4929577464788732,-0.5492957746478874,-0.6619718309859155,-0.5774647887323944,-0.6901408450704225,0.5774647887323944,-0.3521126760563380,0.4084507042253521,-0.1549295774647887,0.2112676056338028,-0.0422535211267606,0.0422535211267606,0.0704225352112676,-0.0704225352112676,-0.4366197183098591,-0.2394366197183098,-0.3521126760563380,-0.4929577464788732,-0.2676056338028169,-0.6338028169014085,-0.2394366197183098,-0.7464788732394366,-0.4929577464788732,-0.2112676056338028,-0.0140845070422535,-0.1267605633802817,0.0985915492957746,0.0985915492957746,0.0704225352112676,0.2676056338028169,-0.5211267605633803,-0.0422535211267606,-0.0422535211267606,0.0422535211267606,0.0422535211267606,0.2676056338028169,0.0140845070422535,0.4084507042253521,-0.4929577464788732,0.1267605633802817,-0.0985915492957746,0.2112676056338028,-0.0140845070422535,0.3802816901408451,-0.0422535211267606,0.4929577464788732
E,0.6712328767123288,-0.0136986301369863,0.3972602739726027,-0.0136986301369863,0.2328767123287671,-0.0684931506849315,0.0958904109589041,-0.0684931506849315,0.0136986301369863,-0.0684931506849315,0.2876712328767123,-0.5890410958904110,0.2054794520547945,-0.7534246575342466,0.1506849315068493,-0.8904109589041096,0.1232876712328767,-1.0000000000000000,0.3424657534246575,-0.6164383561643836,0.1780821917808219,-0.4794520547945205,0.1780821917808219,-0.3424657534246575,0.2328767123287671,-0.2602739726027397,0.4246575342465753,-0.5616438356164384,0.2602739726027397,-0.3972602739726027,0.2602739726027397,-0.2876712328767123,0.3150684931506849,-0.2054794520547945,0.4794520547945205,-0.4794520547945205,0.3424657534246575,-0.3150684931506849,0.3424657534246575,-0.2054794520547945,0.3424657534246575,-0.1232876712328767,-0.6712328767123288,0.0136986301369863,-0.5342465753424658,-0.1780821917808219,-0.3150684931506849,-0.3150684931506849,-0.1506849315068493,-0.3972602739726027,-0.0410958904109589,-0.3972602739726027,-0.2602739726027397,-0.3972602739726027,-0.0958904109589041,-0.1780821917808219,-0.1232876712328767,-0.0410958904109589,-0.1780821917808219,0.0410958904109589,-0.3150684931506849,-0.3150684931506849,-0.1232876712328767,-0.0136986301369863,-0.1780821917808219,0.0684931506849315,-0.2328767123287671,0.0958904109589041,-0.3698630136986301,-0.2054794520547945,-0.2054794520547945,0.0684931506849315,-0.2602739726027397,0.1506849315068493,-0.3150684931506849,0.1780821917808219,-0.3972602739726027,-0.0684931506849315,-0.2602739726027397,0.1232876712328767,-0.2876712328767123,0.2328767123287671,-0.3150684931506849,0.2876712328767123
E,1.0000000000000000,-0.1250000000000000,0.6666666666666666,-0.1250000000000000,0.4166666666666667,-0.2500000000000000,0.2916666666666667,-0.3750000000000000,0.1666666666666667,-0.5000000000000000,0.4583333333333333,-0.7916666666666666,0.2916666666666667,-0.9166666666666666,0.2083333333333333,-0.7916666666666666,0.2916666666666667,-0.6666666666666666,0.5416666666666666,-0.8333333333333334,0.2916666666666667,-0.9166666666666666,0.2500000000000000,-0.7500000000000000,0.2916666666666667,-0.6666666666666666,0.5833333333333334,-0.7916666666666666,0.3750000000000000,-0.8333333333333334,0.3333333333333333,-0.6666666666666666,0.3750000000000000,-0.5416666666666666,0.6666666666666666,-0.7083333333333334,0.5000000000000000,-0.7083333333333334,0.4583333333333333,-0.5416666666666666,0.4583333333333333,-0.3750000000000000,-1.0000000000000000,0.1250000000000000,-0.8750000000000000,-0.0416666666666667,-0.6666666666666666,-0.1250000000000000,-0.5000000000000000,-0.1666666666666667,-0.3750000000000000,-0.0833333333333333,-0.5416666666666666,-0.3333333333333333,-0.3750000000000000,-0.2083333333333333,-0.4166666666666667,-0.0416666666666667,-0.4583333333333333,0.0416666666666667,-0.5416666666666666,-0.2500000000000000,-0.3750000000000000,-0.0833333333333333,-0.4166666666666667,0.0416666666666667,-0.5000000000000000,0.0833333333333333,-0.5416666666666666,-0.1666666666666667,-0.4166666666666667,0.0000000000000000,-0.4583333333333333,0.1250000000000000,-0.5000000000000000,0.1666666666666667,-0.5833333333333334,-0.0416666666666667,-0.4583333333333333,0.1250000000000000,-0.4583333333333333,0.2500000000000000,-0.5000000000000000,0.3333333333333333
E,0.8113207547169812,0.2452830188679245,0.5471698113207547,0.0566037735849057,0.3962264150943396,-0.1698113207547170,0.2830188679245283,-0.2830188679245283,0.1698113207547170,-0.3962264150943396,0.5849056603773585,-0.5094339622641509,0.5849056603773585,-0.7358490566037735,0.5094339622641509,-0.8867924528301887,0.4339622641509434,-1.0000000000000000,0.6981132075471698,-0.4716981132075472,0.3584905660377358,-0.3962264150943396,0.2452830188679245,-0.2830188679245283,0.2075471698113208,-0.2075471698113208,0.7735849056603774,-0.3584905660377358,0.4339622641509434,-0.2075471698113208,0.3962264150943396,-0.0566037735849057,0.4339622641509434,-0.0188679245283019,0.7735849056603774,-0.2075471698113208,0.5094339622641509,-0.0943396226415094,0.4716981132075472,-0.0188679245283019,0.5094339622641509,0.0566037735849057,-0.8113207547169812,-0.2452830188679245,-0.5471698113207547,-0.2830188679245283,-0.2452830188679245,-0.2452830188679245,0.0188679245283019,-0.1320754716981132,0.1698113207547170,-0.0188679245283019,-0.0943396226415094,-0.6981132075471698,0.1320754716981132,-0.5471698113207547,0.2830188679245283,-0.4339622641509434,0.3584905660377358,-0.3584905660377358,-0.1698113207547170,-0.6603773584905660,0.0188679245283019,-0.2452830188679245,-0.0943396226415094,-0.1320754716981132,-0.1698113207547170,-0.1320754716981132,-0.2830188679245283,-0.5471698113207547,-0.0943396226415094,-0.1320754716981132,-0.2452830188679245,-0.0943396226415094,-0.3207547169811321,-0.1320754716981132,-0.3962264150943396,-0.3962264150943396,-0.2452830188679245,-0.0943396226415094,-0.3584905660377358,-0.0566037735849057,-0.4339622641509434,-0.0943396226415094
E,0.7777777777777778,0.0000000000000000,0.8888888888888888,-0.2777777777777778,0.8888888888888888,-0.5000000000000000,0.7777777777777778,-0.5555555555555556,0.6666666666666666,-0.4444444444444444,1.0000000000000000,-0.2222222222222222,0.8333333333333334,-0.2777777777777778,0.6666666666666666,-0.3333333333333333,0.5000000000000000,-0.3333333333333333,0.8888888888888888,0.0000000000000000,0.6666666666666666,-0.0555555555555556,0.6111111111111112,-0.0555555555555556,0.5555555555555556,-0.0555555555555556,0.7777777777777778,0.1666666666666667,0.5555555555555556,0.1666666666666667,0.5000000000000000,0.1666666666666667,0.5000000000000000,0.1111111111111111,0.6666666666666666,0.2777777777777778,0.5000000000000000,0.3333333333333333,0.3888888888888889,0.2777777777777778,0.3888888888888889,0.2222222222222222,-0.7777777777777778,0.0000000000000000,-0.3888888888888889,-0.1111111111111111,-0.0555555555555556,0.0000000000000000,0.2222222222222222,0.1666666666666667,0.3333333333333333,0.3333333333333333,0.1111111111111111,-0.0555555555555556,0.4444444444444444,0.0000000000000000,0.6111111111111112,0.0555555555555556,0.7222222222222222,0.0555555555555556,0.0555555555555556,0.0555555555555556,0.3888888888888889,0.2777777777777778,0.4444444444444444,0.3333333333333333,0.5000000000000000,0.2777777777777778,-0.0555555555555556,0.2222222222222222,0.1111111111111111,0.4444444444444444,0.0555555555555556,0.4444444444444444,-0.0555555555555556,0.3888888888888889,-0.2222222222222222,0.3333333333333333,-0.0555555555555556,0.5555555555555556,-0.1111111111111111,0.5555555555555556,-0.2222222222222222,0.4444444444444444
E,1.0000000000000000,-0.1111111111111111,0.8888888888888888,-0.2777777777777778,0.7222222222222222,-0.4444444444444444,0.5555555555555556,-0.4444444444444444,0.4444444444444444,-0.3888888888888889,0.8333333333333334,-0.2777777777777778,0.6666666666666666,-0.2777777777777778,0.5555555555555556,-0.2222222222222222,0.4444444444444444,-0.2222222222222222,0.7222222222222222,-0.1111111111111111,0.5555555555555556,-0.0555555555555556,0.4444444444444444,-0.0555555555555556,0.3333333333333333,-0.0555555555555556,0.6666666666666666,0.0555555555555556,0.5000000000000000,0.1111111111111111,0.3888888888888889,0.1666666666666667,0.3333333333333333,0.1666666666666667,0.6111111111111112,0.1666666666666667,0.4444444444444444,0.2777777777777778,0.3888888888888889,0.2777777777777778,0.3333333333333333,0.2777777777777778,-1.0000000000000000,0.1111111111111111,-0.6111111111111112,0.0555555555555556,-0.2777777777777778,0.0555555555555556,-0.0555555555555556,0.2222222222222222,0.0555555555555556,0.3888888888888889,-0.0555555555555556,0.0000000000000000,0.2222222222222222,0.0555555555555556,0.4444444444444444,0.1111111111111111,0.5555555555555556,0.1111111111111111,-0.1111111111111111,0.1111111111111111,0.1666666666666667,0.2777777777777778,0.2777777777777778,0.3333333333333333,0.3333333333333333,0.3333333333333333,-0.2777777777777778,0.2777777777777778,-0.0555555555555556,0.5000000000000000,-0.1666666666666667,0.5000000000000000,-0.2777777777777778,0.4444444444444444,-0.3888888888888889,0.4444444444444444,-0.2777777777777778,0.6111111111111112,-0.3888888888888889,0.5555555555555556,-0.5000000000000000,0.5000000000000000
F,0.5247524752475248,-0.6237623762376238,0.0495049504950495,-0.6039603960396039,-0.1881188118811881,-0.2673267326732673,-0.2079207920792079,0.0891089108910891,-0.1287128712871287,0.3267326732673267,-0.2079207920792079,-0.2277227722772277,-0.3465346534653465,0.2673267326732673,-0.3663366336633663,0.5643564356435643,-0.3465346534653465,0.7821782178217822,0.0495049504950495,-0.0693069306930693,-0.1287128712871287,0.4455445544554456,-0.1881188118811881,0.7623762376237624,-0.1881188118811881,1.0000000000000000,0.2673267326732673,0.0297029702970297,0.0693069306930693,0.4257425742574257,0.0099009900990099,0.3663366336633663,0.0297029702970297,0.2673267326732673,0.4455445544554456,0.0891089108910891,0.2277227722772277,0.2673267326732673,0.1287128712871287,0.1881188118811881,0.1287128712871287,0.0891089108910891,-0.5247524752475248,0.6237623762376238,-0.3663366336633663,0.7623762376237624,-0.1287128712871287,0.8613861386138614,0.0693069306930693,0.9207920792079208,0.2277227722772277,0.9801980198019802,-0.1287128712871287,0.8217821782178217,0.0693069306930693,0.8415841584158416,0.1881188118811881,0.8415841584158416,0.2871287128712871,0.8613861386138614,-0.1683168316831683,0.7821782178217822,0.0297029702970297,0.8217821782178217,0.1089108910891089,0.8217821782178217,0.1881188118811881,0.8613861386138614,-0.2277227722772277,0.7623762376237624,-0.0297029702970297,0.8019801980198020,0.0495049504950495,0.8019801980198020,0.1287128712871287,0.8217821782178217,-0.2871287128712871,0.7227722772277227,-0.1089108910891089,0.7227722772277227,-0.0495049504950495,0.7227722772277227,-0.0099009900990099,0.7425742574257426
F,0.8000000000000000,-0.6000000000000000,0.4000000000000000,-0.5833333333333334,0.2000000000000000,-0.3000000000000000,0.2333333333333333,0.0166666666666667,0.3500000000000000,0.2000000000000000,0.2000000000000000,-0.2666666666666667,0.0833333333333333,0.1333333333333333,0.0666666666666667,0.3666666666666666,0.0666666666666667,0.5500000000000000,0.4166666666666667,-0.1333333333333333,0.2666666666666667,0.3166666666666667,0.2333333333333333,0.5666666666666667,0.2500000000000000,0.7500000000000000,0.6000000000000000,-0.0333333333333333,0.4333333333333333,0.3333333333333333,0.3833333333333334,0.3500000000000000,0.4000000000000000,0.3166666666666667,0.7500000000000000,0.0000000000000000,0.5500000000000000,0.1500000000000000,0.4666666666666667,0.1000000000000000,0.4333333333333333,-0.0166666666666667,-0.8000000000000000,0.6000000000000000,-0.5333333333333333,0.3500000000000000,-0.2000000000000000,0.3166666666666667,0.0333333333333333,0.3833333333333334,0.1333333333333333,0.5000000000000000,-0.0833333333333333,0.4166666666666667,0.2166666666666667,0.4833333333333333,0.2833333333333333,0.4833333333333333,0.3166666666666667,0.4833333333333333,-0.1166666666666667,0.6166666666666667,0.1666666666666667,0.6833333333333333,0.0833333333333333,0.6500000000000000,-0.0333333333333333,0.6333333333333333,-0.2333333333333333,0.8166666666666667,0.0666666666666667,0.8500000000000000,-0.0333333333333333,0.8000000000000000,-0.1666666666666667,0.7666666666666667,-0.3500000000000000,0.9833333333333333,-0.1333333333333333,1.0000000000000000,-0.1833333333333333,0.9333333333333333,-0.3000000000000000,0.9166666666666666
F,1.0000000000000000,0.1230769230769231,0.7538461538461538,0.0923076923076923,0.4461538461538462,0.1846153846153846,0.2615384615384616,0.3692307692307693,0.1692307692307692,0.5538461538461539,0.3230769230769231,0.0307692307692308,0.0769230769230769,0.1230769230769231,-0.0461538461538462,0.2153846153846154,-0.1384615384615385,0.2769230769230769,0.4153846153846154,0.0615384615384615,0.1692307692307692,0.1846153846153846,0.0769230769230769,0.2769230769230769,-0.0153846153846154,0.3384615384615385,0.5076923076923077,0.1538461538461539,0.2923076923076923,0.4000000000000000,0.2923076923076923,0.5538461538461539,0.3230769230769231,0.5846153846153846,0.6000000000000000,0.2769230769230769,0.4461538461538462,0.4923076923076923,0.4461538461538462,0.5846153846153846,0.4769230769230769,0.6153846153846154,-1.0000000000000000,-0.1230769230769231,-0.7538461538461538,-0.1538461538461539,-0.4461538461538462,-0.0615384615384615,-0.2615384615384616,0.0615384615384615,-0.1384615384615385,0.1846153846153846,-0.3538461538461539,-0.0923076923076923,-0.1692307692307692,0.0923076923076923,-0.0461538461538462,0.2153846153846154,0.0461538461538462,0.2769230769230769,-0.4461538461538462,-0.0307692307692308,-0.2615384615384616,0.2461538461538462,-0.2615384615384616,0.3076923076923077,-0.2923076923076923,0.2769230769230769,-0.6000000000000000,0.0307692307692308,-0.5076923076923077,0.3692307692307693,-0.6000000000000000,0.3076923076923077,-0.6307692307692307,0.2153846153846154,-0.7538461538461538,0.0923076923076923,-0.6923076923076923,0.3692307692307693,-0.7538461538461538,0.3076923076923077,-0.7846153846153846,0.2153846153846154
F,1.0000000000000000,0.0434782608695652,0.7391304347826086,0.0434782608695652,0.4782608695652174,0.1304347826086956,0.3043478260869565,0.3043478260869565,0.2173913043478261,0.4492753623188406,0.3913043478260870,-0.0144927536231884,0.1594202898550725,0.0724637681159420,0.0724637681159420,0.1594202898550725,0.0144927536231884,0.2753623188405797,0.4492753623188406,0.0144927536231884,0.2463768115942029,0.1884057971014493,0.1884057971014493,0.3623188405797101,0.1884057971014493,0.4782608695652174,0.5072463768115942,0.1014492753623188,0.3623188405797101,0.3043478260869565,0.3333333333333333,0.4492753623188406,0.3623188405797101,0.5362318840579711,0.6231884057971014,0.2173913043478261,0.5072463768115942,0.3623188405797101,0.4782608695652174,0.4492753623188406,0.4782608695652174,0.5362318840579711,-1.0000000000000000,-0.0434782608695652,-0.7391304347826086,-0.1014492753623188,-0.4492753623188406,-0.0434782608695652,-0.2463768115942029,0.0434782608695652,-0.1014492753623188,0.1304347826086956,-0.3623188405797101,-0.0434782608695652,-0.1304347826086956,0.1304347826086956,-0.0724637681159420,0.1884057971014493,-0.0434782608695652,0.2173913043478261,-0.4492753623188406,0.0144927536231884,-0.2463768115942029,0.2463768115942029,-0.2463768115942029,0.2753623188405797,-0.2753623188405797,0.2463768115942029,-0.5652173913043478,0.1014492753623188,-0.4202898550724637,0.3333333333333333,-0.4492753623188406,0.3333333333333333,-0.4782608695652174,0.2753623188405797,-0.7101449275362319,0.1594202898550725,-0.5942028985507246,0.3623188405797101,-0.6231884057971014,0.3623188405797101,-0.6521739130434783,0.3043478260869565
F,1.0000000000000000,-0.0298507462686567,0.7611940298507462,0.0000000000000000,0.5522388059701493,0.0298507462686567,0.3731343283582090,0.0895522388059701,0.3134328358208955,0.1791044776119403,0.3731343283582090,-0.0597014925373134,0.1641791044776119,0.0298507462686567,0.1044776119402985,0.1194029850746269,0.0447761194029851,0.2089552238805970,0.4328358208955224,0.0000000000000000,0.2238805970149254,0.0895522388059701,0.1343283582089552,0.2089552238805970,0.0746268656716418,0.2985074626865671,0.4925373134328358,0.0597014925373134,0.3432835820895522,0.2388059701492537,0.3134328358208955,0.3880597014925373,0.3134328358208955,0.5074626865671642,0.5820895522388060,0.1492537313432836,0.4925373134328358,0.2985074626865671,0.4626865671641791,0.4179104477611940,0.4626865671641791,0.5074626865671642,-1.0000000000000000,0.0298507462686567,-0.7910447761194029,-0.0597014925373134,-0.4925373134328358,-0.0298507462686567,-0.2835820895522388,0.0298507462686567,-0.1343283582089552,0.0895522388059701,-0.4626865671641791,0.0000000000000000,-0.2238805970149254,0.1492537313432836,-0.1044776119402985,0.2089552238805970,-0.0149253731343284,0.2388059701492537,-0.5522388059701493,0.0895522388059701,-0.3432835820895522,0.2388059701492537,-0.3134328358208955,0.2985074626865671,-0.3134328358208955,0.2985074626865671,-0.6716417910447762,0.1492537313432836,-0.4925373134328358,0.3283582089552239,-0.4925373134328358,0.3283582089552239,-0.5223880597014925,0.2985074626865671,-0.7910447761194029,0.2388059701492537,-0.6417910447761194,0.3880597014925373,-0.6417910447761194,0.3880597014925373,-0.6716417910447762,0.3283582089552239
F,0.5168539325842697,-0.2584269662921349,0.4943820224719101,-0.2584269662921349,0.4494382022471910,-0.2134831460674157,0.3595505617977528,-0.1460674157303371,0.2921348314606741,-0.0561797752808989,0.4943820224719101,0.0786516853932584,0.4269662921348314,0.3033707865168540,0.3370786516853932,0.4382022471910113,0.2471910112359550,0.5280898876404494,0.4269662921348314,0.1011235955056180,0.3370786516853932,0.3033707865168540,0.2247191011235955,0.4382022471910113,0.1348314606741573,0.5280898876404494,0.3820224719101123,0.1011235955056180,0.2696629213483146,0.2584269662921349,0.1797752808988764,0.3483146067415731,0.0898876404494382,0.4382022471910113,0.3595505617977528,0.0786516853932584,0.2471910112359550,0.1910112359550562,0.1797752808988764,0.2584269662921349,0.0898876404494382,0.3033707865168540,-0.5168539325842697,0.2584269662921349,-0.2471910112359550,0.2584269662921349,0.0000000000000000,0.2808988764044944,0.1797752808988764,0.2359550561797753,0.3146067415730337,0.1910112359550562,0.0224719101123595,0.3707865168539326,0.0449438202247191,0.6404494382022472,0.0224719101123595,0.8202247191011236,0.0000000000000000,0.9325842696629213,-0.0449438202247191,0.4157303370786517,0.0000000000000000,0.7303370786516854,-0.0224719101123595,0.8651685393258427,-0.0449438202247191,0.9775280898876404,-0.1348314606741573,0.4831460674157304,-0.0674157303370786,0.7752808988764045,-0.0898876404494382,0.9101123595505618,-0.0898876404494382,1.0000000000000000,-0.2471910112359550,0.5730337078651685,-0.1797752808988764,0.7752808988764045,-0.1797752808988764,0.8876404494382022,-0.2022471910112359,0.9775280898876404
F,1.0000000000000000,0.1759259259259259,0.6666666666666666,0.1574074074074074,0.3518518518518519,0.3055555555555556,0.1666666666666667,0.5833333333333334,0.0740740740740741,0.8055555555555556,0.2407407407407407,-0.0092592592592593,-0.0185185185185185,0.2129629629629630,-0.0555555555555556,0.3796296296296297,-0.0185185185185185,0.4537037037037037,0.3148148148148148,0.0833333333333333,0.0000000000000000,0.3240740740740741,-0.1111111111111111,0.4537037037037037,-0.1666666666666667,0.5092592592592593,0.4259259259259259,0.2314814814814815,0.1666666666666667,0.6388888888888888,0.2222222222222222,0.8240740740740741,0.3148148148148148,0.8981481481481481,0.5555555555555556,0.4166666666666667,0.3888888888888889,0.7129629629629629,0.3888888888888889,0.8611111111111112,0.4074074074074074,0.9351851851851852,-1.0000000000000000,-0.1759259259259259,-0.7037037037037037,-0.2314814814814815,-0.3888888888888889,-0.1203703703703704,-0.2037037037037037,0.0648148148148148,-0.1111111111111111,0.2314814814814815,-0.4814814814814815,-0.0092592592592593,-0.3148148148148148,0.2314814814814815,-0.1851851851851852,0.3796296296296297,-0.0925925925925926,0.4537037037037037,-0.6666666666666666,0.1018518518518518,-0.5185185185185185,0.4166666666666667,-0.4259259259259259,0.5277777777777778,-0.3518518518518519,0.5648148148148148,-0.8148148148148148,0.1759259259259259,-0.7222222222222222,0.5092592592592593,-0.6481481481481481,0.6203703703703703,-0.5925925925925926,0.6018518518518519,-0.9629629629629629,0.2129629629629630,-0.8518518518518519,0.4907407407407408,-0.7592592592592593,0.5648148148148148,-0.7037037037037037,0.5462962962962963
F,1.0000000000000000,0.0961538461538462,0.7115384615384616,0.1153846153846154,0.4038461538461539,0.2692307692307692,0.2307692307692308,0.5576923076923077,0.1730769230769231,0.8076923076923077,0.2500000000000000,0.0000000000000000,0.0192307692307692,0.1923076923076923,-0.0384615384615385,0.3653846153846154,-0.0192307692307692,0.4807692307692308,0.3269230769230769,0.0769230769230769,0.0384615384615385,0.3076923076923077,-0.0384615384615385,0.4423076923076923,-0.0769230769230769,0.5384615384615384,0.4423076923076923,0.2115384615384615,0.2307692307692308,0.6153846153846154,0.2692307692307692,0.8076923076923077,0.3269230769230769,0.9038461538461539,0.5769230769230769,0.3846153846153846,0.4423076923076923,0.7115384615384616,0.4615384615384616,0.8653846153846154,0.4807692307692308,0.9423076923076923,-1.0000000000000000,-0.0961538461538462,-0.7115384615384616,-0.1538461538461539,-0.3846153846153846,-0.0576923076923077,-0.1923076923076923,0.1153846153846154,-0.0769230769230769,0.2500000000000000,-0.5192307692307693,0.0769230769230769,-0.3269230769230769,0.2884615384615384,-0.1730769230769231,0.4038461538461539,-0.0576923076923077,0.4807692307692308,-0.6923076923076923,0.1923076923076923,-0.5576923076923077,0.4615384615384616,-0.4807692307692308,0.5961538461538461,-0.4230769230769231,0.6923076923076923,-0.8653846153846154,0.2692307692307692,-0.7307692307692307,0.5384615384615384,-0.6538461538461539,0.6538461538461539,-0.6153846153846154,0.7307692307692307,-1.0000000000000000,0.3076923076923077,-0.8653846153846154,0.5192307692307693,-0.7884615384615384,0.6153846153846154,-0.7500000000000000,0.6730769230769231
F,0.9333333333333333,-0.1333333333333333,0.5000000000000000,-0.2666666666666667,0.1666666666666667,-0.4666666666666667,-0.0333333333333333,-0.6000000000000000,-0.2333333333333333,-0.6666666666666666,0.1333333333333333,-0.9666666666666667,-0.0333333333333333,-0.8666666666666667,-0.0666666666666667,-0.8000000000000000,-0.1000000000000000,-0.7666666666666667,0.2666666666666667,-1.0000000000000000,0.1333333333333333,-0.6333333333333333,0.2000000000000000,-0.4000000000000000,0.2666666666666667,-0.2333333333333333,0.4666666666666667,-0.9333333333333333,0.3000000000000000,-0.5000000000000000,0.3333333333333333,-0.2333333333333333,0.4333333333333333,-0.0666666666666667,0.6333333333333333,-0.8000000000000000,0.4666666666666667,-0.5000000000000000,0.4333333333333333,-0.3000000000000000,0.4333333333333333,-0.1333333333333333,-0.9333333333333333,0.1333333333333333,-0.6000000000000000,-0.1333333333333333,-0.3666666666666666,-0.4000000000000000,-0.2000000000000000,-0.5333333333333333,-0.1000000000000000,-0.6666666666666666,-0.4333333333333333,-0.7666666666666667,-0.2333333333333333,-0.8666666666666667,-0.1333333333333333,-0.9333333333333333,-0.0333333333333333,-1.0000000000000000,-0.5666666666666667,-0.7333333333333333,-0.3666666666666666,-0.6666666666666666,-0.2000000000000000,-0.6333333333333333,-0.0666666666666667,-0.6000000000000000,-0.7333333333333333,-0.6333333333333333,-0.5333333333333333,-0.3333333333333333,-0.4000000000000000,-0.0333333333333333,-0.3333333333333333,0.2000000000000000,-0.9000000000000000,-0.4666666666666667,-0.7333333333333333,-0.2333333333333333,-0.6333333333333333,-0.0333333333333333,-0.5666666666666667,0.1333333333333333
F,0.9375000000000000,0.0625000000000000,0.9375000000000000,-0.1875000000000000,0.9375000000000000,-0.3750000000000000,0.7500000000000000,-0.3125000000000000,0.5625000000000000,-0.2500000000000000,1.0000000000000000,-0.1250000000000000,0.9375000000000000,-0.0625000000000000,0.8125000000000000,-0.0625000000000000,0.6875000000000000,0.0000000000000000,0.8750000000000000,0.0625000000000000,0.6875000000000000,0.0625000000000000,0.5625000000000000,0.0000000000000000,0.4375000000000000,-0.0625000000000000,0.7500000000000000,0.1875000000000000,0.5000000000000000,0.1875000000000000,0.3750000000000000,0.0625000000000000,0.3125000000000000,-0.0625000000000000,0.6250000000000000,0.2500000000000000,0.4375000000000000,0.2500000000000000,0.3125000000000000,0.1875000000000000,0.2500000000000000,0.1250000000000000,-0.9375000000000000,-0.0625000000000000,-0.6250000000000000,-0.0625000000000000,-0.2500000000000000,0.0625000000000000,-0.0625000000000000,0.2500000000000000,0.0625000000000000,0.3125000000000000,0.0000000000000000,0.0625000000000000,0.2500000000000000,0.1875000000000000,0.5000000000000000,0.1875000000000000,0.6250000000000000,0.1250000000000000,-0.0625000000000000,0.1250000000000000,0.0000000000000000,0.4375000000000000,-0.0625000000000000,0.5000000000000000,-0.1875000000000000,0.5000000000000000,-0.1875000000000000,0.1875000000000000,-0.1250000000000000,0.5000000000000000,-0.2500000000000000,0.5625000000000000,-0.3125000000000000,0.5625000000000000,-0.3750000000000000,0.2500000000000000,-0.3125000000000000,0.5000000000000000,-0.3750000000000000,0.5625000000000000,-0.4375000000000000,0.5625000000000000
F,1.0000000000000000,0.0289855072463768,0.7971014492753623,0.0000000000000000,0.5652173913043478,0.0000000000000000,0.4202898550724637,0.0579710144927536,0.3043478260869565,0.1449275362318841,0.4492753623188406,-0.0289855072463768,0.2463768115942029,0.0289855072463768,0.1304347826086956,0.0869565217391304,0.0434782608695652,0.1739130434782609,0.5072463768115942,0.0289855072463768,0.3043478260869565,0.0869565217391304,0.1594202898550725,0.1449275362318841,0.0724637681159420,0.2028985507246377,0.5652173913043478,0.1159420289855072,0.3913043478260870,0.2028985507246377,0.3333333333333333,0.2898550724637681,0.3043478260869565,0.3768115942028986,0.6811594202898551,0.2028985507246377,0.5942028985507246,0.2608695652173913,0.5362318840579711,0.3188405797101449,0.5362318840579711,0.3478260869565217,-1.0000000000000000,-0.0289855072463768,-0.7391304347826086,-0.0579710144927536,-0.4782608695652174,0.0000000000000000,-0.2753623188405797,0.0869565217391304,-0.1594202898550725,0.2028985507246377,-0.3913043478260870,-0.0869565217391304,-0.1884057971014493,0.0289855072463768,-0.1014492753623188,0.1159420289855072,-0.0144927536231884,0.1739130434782609,-0.4782608695652174,-0.0289855072463768,-0.3043478260869565,0.1739130434782609,-0.2753623188405797,0.2318840579710145,-0.2463768115942029,0.2608695652173913,-0.5942028985507246,0.0579710144927536,-0.4782608695652174,0.2608695652173913,-0.4782608695652174,0.2898550724637681,-0.5072463768115942,0.2898550724637681,-0.7391304347826086,0.1449275362318841,-0.6231884057971014,0.3188405797101449,-0.6521739130434783,0.3188405797101449,-0.6521739130434783,0.2898550724637681
F,1.0000000000000000,-0.0615384615384615,0.8153846153846154,-0.0923076923076923,0.6000000000000000,-0.0307692307692308,0.4461538461538462,0.0923076923076923,0.3846153846153846,0.2153846153846154,0.5076923076923077,-0.0615384615384615,0.2923076923076923,0.0000000000000000,0.1692307692307692,0.0615384615384615,0.0769230769230769,0.1538461538461539,0.5384615384615384,0.0000000000000000,0.3230769230769231,0.0307692307692308,0.2000000000000000,0.1230769230769231,0.1076923076923077,0.1846153846153846,0.6000000000000000,0.0923076923076923,0.4153846153846154,0.2461538461538462,0.4153846153846154,0.3692307692307693,0.4153846153846154,0.4615384615384616,0.6615384615384615,0.1846153846153846,0.5384615384615384,0.3076923076923077,0.5384615384615384,0.4307692307692308,0.5384615384615384,0.4923076923076923,-1.0000000000000000,0.0615384615384615,-0.8153846153846154,0.0000000000000000,-0.5384615384615384,0.0000000000000000,-0.3538461538461539,0.0615384615384615,-0.2307692307692308,0.1230769230769231,-0.5076923076923077,0.0307692307692308,-0.3230769230769231,0.1230769230769231,-0.2000000000000000,0.1846153846153846,-0.1076923076923077,0.2461538461538462,-0.5692307692307692,0.1230769230769231,-0.4153846153846154,0.2153846153846154,-0.3230769230769231,0.2461538461538462,-0.2615384615384616,0.3076923076923077,-0.6615384615384615,0.1846153846153846,-0.5384615384615384,0.3076923076923077,-0.5076923076923077,0.3384615384615385,-0.5076923076923077,0.3692307692307693,-0.7846153846153846,0.2769230769230769,-0.6615384615384615,0.3692307692307693,-0.6307692307692307,0.4000000000000000,-0.6307692307692307,0.4307692307692308
F,1.0000000000000000,-0.0588235294117647,0.8235294117647058,-0.0882352941176471,0.6176470588235294,-0.0588235294117647,0.4705882352941176,-0.0294117647058824,0.3529411764705883,0.0000000000000000,0.5000000000000000,-0.0882352941176471,0.2941176470588235,-0.0588235294117647,0.1764705882352941,0.0000000000000000,0.0882352941176471,0.0588235294117647,0.5294117647058824,-0.0294117647058824,0.3235294117647059,0.0000000000000000,0.2058823529411765,0.0588235294117647,0.1176470588235294,0.1176470588235294,0.5882352941176471,0.0294117647058824,0.4117647058823529,0.1176470588235294,0.3529411764705883,0.1764705882352941,0.2941176470588235,0.2352941176470588,0.7058823529411765,0.1470588235294118,0.5882352941176471,0.2058823529411765,0.5294117647058824,0.2647058823529412,0.5294117647058824,0.3529411764705883,-1.0000000000000000,0.0588235294117647,-0.7647058823529411,0.0000000000000000,-0.4705882352941176,0.0000000000000000,-0.2647058823529412,0.0588235294117647,-0.1470588235294118,0.1470588235294118,-0.4411764705882353,0.0000000000000000,-0.2058823529411765,0.1470588235294118,-0.1176470588235294,0.2058823529411765,-0.0588235294117647,0.2647058823529412,-0.5000000000000000,0.0588235294117647,-0.2941176470588235,0.2352941176470588,-0.2647058823529412,0.2941176470588235,-0.2647058823529412,0.2647058823529412,-0.6176470588235294,0.1470588235294118,-0.4411764705882353,0.3235294117647059,-0.4411764705882353,0.3529411764705883,-0.4705882352941176,0.2941176470588235,-0.7058823529411765,0.2352941176470588,-0.5882352941176471,0.3823529411764706,-0.5882352941176471,0.3823529411764706,-0.6176470588235294,0.3529411764705883
G,0.7011494252873564,0.4022988505747127,0.5172413793103449,0.1494252873563219,0.1724137931034483,0.0344827586206897,-0.0804597701149425,0.0804597701149425,-0.2413793103448276,0.1954022988505747,0.1034482758620690,-0.0804597701149425,-0.3563218390804598,0.1494252873563219,-0.2643678160919540,0.2413793103448276,-0.1034482758620690,0.2183908045977012,0.1724137931034483,0.1034482758620690,-0.3103448275862069,0.3563218390804598,-0.1954022988505747,0.4022988505747127,-0.0574712643678161,0.3333333333333333,0.2183908045977012,0.3333333333333333,-0.2183908045977012,0.5632183908045977,-0.1264367816091954,0.5862068965517241,-0.0114942528735632,0.5172413793103449,0.2643678160919540,0.5632183908045977,-0.1034482758620690,0.7471264367816092,-0.0344827586206897,0.7471264367816092,0.0804597701149425,0.7011494252873564,-0.7011494252873564,-0.4022988505747127,-0.6321839080459770,-0.7011494252873564,-0.4022988505747127,-0.9540229885057471,-0.1494252873563219,-1.0000000000000000,0.0344827586206897,-0.9540229885057471,-0.2873563218390804,-0.8620689655172413,0.1264367816091954,-0.8620689655172413,0.0574712643678161,-0.8160919540229885,-0.1034482758620690,-0.7931034482758621,-0.2183908045977012,-0.6551724137931034,0.1954022988505747,-0.6781609195402298,0.0804597701149425,-0.6551724137931034,-0.0804597701149425,-0.6321839080459770,-0.1724137931034483,-0.4482758620689655,0.1954022988505747,-0.4712643678160919,0.1034482758620690,-0.4482758620689655,-0.0344827586206897,-0.4252873563218391,-0.1724137931034483,-0.2643678160919540,0.1264367816091954,-0.2643678160919540,0.0574712643678161,-0.2643678160919540,-0.0804597701149425,-0.2643678160919540
G,0.6888888888888889,0.3555555555555556,0.4888888888888889,0.0666666666666667,0.1555555555555556,-0.0444444444444444,-0.0888888888888889,0.0222222222222222,-0.2000000000000000,0.1777777777777778,0.1333333333333333,-0.0222222222222222,-0.3111111111111111,0.2000000000000000,-0.2000000000000000,0.2222222222222222,-0.0444444444444444,0.2000000000000000,0.1777777777777778,0.2222222222222222,-0.2444444444444444,0.4222222222222222,-0.1333333333333333,0.4222222222222222,0.0000000000000000,0.3555555555555556,0.2444444444444444,0.4666666666666667,-0.1555555555555556,0.6222222222222222,-0.0666666666666667,0.6000000000000000,0.0888888888888889,0.5333333333333333,0.3111111111111111,0.6888888888888889,-0.0222222222222222,0.8000000000000000,0.0444444444444444,0.7555555555555555,0.1777777777777778,0.7111111111111111,-0.6888888888888889,-0.3555555555555556,-0.6222222222222222,-0.6888888888888889,-0.3555555555555556,-0.9555555555555556,-0.0888888888888889,-1.0000000000000000,0.0888888888888889,-0.9111111111111111,-0.3111111111111111,-0.9555555555555556,0.1555555555555556,-1.0000000000000000,0.0444444444444444,-0.9333333333333333,-0.1111111111111111,-0.8888888888888888,-0.2444444444444444,-0.7111111111111111,0.2444444444444444,-0.7555555555555555,0.1111111111111111,-0.7111111111111111,-0.0666666666666667,-0.6666666666666666,-0.1777777777777778,-0.4888888888888889,0.2444444444444444,-0.5111111111111111,0.1333333333333333,-0.4666666666666667,-0.0444444444444444,-0.4444444444444444,-0.1555555555555556,-0.2666666666666667,0.1777777777777778,-0.3111111111111111,0.0666666666666667,-0.2888888888888889,-0.0888888888888889,-0.2666666666666667
G,0.6956521739130435,0.3913043478260870,0.3478260869565217,0.0434782608695652,0.0000000000000000,-0.2173913043478261,-0.2608695652173913,-0.3913043478260870,-0.3478260869565217,-0.5652173913043478,0.1739130434782609,-0.1304347826086956,-0.2608695652173913,0.0434782608695652,-0.1739130434782609,0.0434782608695652,-0.0869565217391304,0.0434782608695652,0.3478260869565217,0.1304347826086956,-0.2608695652173913,0.3043478260869565,-0.1739130434782609,0.3043478260869565,0.0000000000000000,0.3043478260869565,0.4347826086956522,0.3913043478260870,-0.1739130434782609,0.5652173913043478,0.0000000000000000,0.5652173913043478,0.1739130434782609,0.4782608695652174,0.4347826086956522,0.6521739130434783,0.0000000000000000,0.7391304347826086,0.0869565217391304,0.7391304347826086,0.2608695652173913,0.6521739130434783,-0.6956521739130435,-0.3913043478260870,-0.5217391304347826,-0.8260869565217391,-0.2608695652173913,-1.0000000000000000,0.0000000000000000,-1.0000000000000000,0.0869565217391304,-1.0000000000000000,-0.0869565217391304,-1.0000000000000000,0.2608695652173913,-0.9130434782608695,0.0869565217391304,-0.9130434782608695,-0.0869565217391304,-0.9130434782608695,0.0000000000000000,-0.7391304347826086,0.2608695652173913,-0.7391304347826086,0.0869565217391304,-0.7391304347826086,-0.0869565217391304,-0.6521739130434783,-0.0869565217391304,-0.5652173913043478,0.1739130434782609,-0.5652173913043478,0.0869565217391304,-0.5652173913043478,-0.0869565217391304,-0.4782608695652174,-0.0869565217391304,-0.3043478260869565,0.0869565217391304,-0.3043478260869565,0.0000000000000000,-0.3913043478260870,-0.1739130434782609,-0.3043478260869565
G,0.6521739130434783,0.1304347826086956,0.4347826086956522,-0.0869565217391304,0.1739130434782609,-0.2173913043478261,-0.0869565217391304,-0.2173913043478261,-0.2608695652173913,-0.1739130434782609,0.1304347826086956,-0.3043478260869565,-0.2173913043478261,-0.2608695652173913,-0.3478260869565217,-0.1304347826086956,-0.3913043478260870,-0.0434782608695652,0.1739130434782609,-0.1739130434782609,-0.2173913043478261,-0.0869565217391304,-0.3478260869565217,0.0000000000000000,-0.3913043478260870,0.0869565217391304,0.2173913043478261,0.0000000000000000,-0.1304347826086956,0.0869565217391304,-0.2608695652173913,0.1304347826086956,-0.3043478260869565,0.1739130434782609,0.2608695652173913,0.1739130434782609,0.0000000000000000,0.2173913043478261,-0.1304347826086956,0.2608695652173913,-0.1739130434782609,0.2608695652173913,-0.6521739130434783,-0.1304347826086956,-0.6086956521739131,-0.4782608695652174,-0.4347826086956522,-0.7826086956521739,-0.2173913043478261,-0.9565217391304348,-0.0434782608695652,-0.9565217391304348,-0.3913043478260870,-0.8695652173913043,0.0000000000000000,-1.0000000000000000,-0.0434782608695652,-0.9130434782608695,-0.1739130434782609,-0.8260869565217391,-0.3043478260869565,-0.7391304347826086,0.0869565217391304,-0.8260869565217391,0.0000000000000000,-0.7391304347826086,-0.1304347826086956,-0.6521739130434783,-0.2608695652173913,-0.5652173913043478,0.0869565217391304,-0.6521739130434783,0.0434782608695652,-0.5652173913043478,-0.1304347826086956,-0.5217391304347826,-0.1739130434782609,-0.3913043478260870,0.0869565217391304,-0.4347826086956522,0.0434782608695652,-0.3913043478260870,-0.0869565217391304,-0.3913043478260870
G,0.5238095238095238,0.2857142857142857,0.3333333333333333,0.0476190476190476,0.0476190476190476,-0.0952380952380952,-0.1904761904761905,-0.0952380952380952,-0.3333333333333333,0.0476190476190476,0.0476190476190476,-0.0952380952380952,-0.3333333333333333,-0.0476190476190476,-0.3809523809523809,0.0000000000000000,-0.2857142857142857,0.0476190476190476,0.0952380952380952,0.0952380952380952,-0.3333333333333333,0.1428571428571428,-0.3333333333333333,0.1904761904761905,-0.2857142857142857,0.2380952380952381,0.1428571428571428,0.2857142857142857,-0.2380952380952381,0.3333333333333333,-0.2380952380952381,0.3809523809523809,-0.1428571428571428,0.3809523809523809,0.1428571428571428,0.4761904761904762,-0.0952380952380952,0.5238095238095238,-0.0952380952380952,0.5238095238095238,-0.0476190476190476,0.5238095238095238,-0.5238095238095238,-0.2857142857142857,-0.4761904761904762,-0.5714285714285714,-0.2857142857142857,-0.8571428571428571,-0.0952380952380952,-0.9523809523809523,0.0952380952380952,-1.0000000000000000,-0.1904761904761905,-0.7619047619047619,0.1428571428571428,-0.8571428571428571,0.1428571428571428,-0.8571428571428571,0.0476190476190476,-0.8095238095238095,-0.1428571428571428,-0.6190476190476191,0.2380952380952381,-0.6666666666666666,0.1904761904761905,-0.6666666666666666,0.0476190476190476,-0.6190476190476191,-0.0952380952380952,-0.4285714285714285,0.2380952380952381,-0.4761904761904762,0.1904761904761905,-0.4761904761904762,0.0476190476190476,-0.4761904761904762,-0.0476190476190476,-0.2857142857142857,0.1904761904761905,-0.3333333333333333,0.1428571428571428,-0.3333333333333333,0.0000000000000000,-0.2857142857142857
G,0.6071428571428571,0.2857142857142857,0.4642857142857143,-0.0714285714285714,0.2500000000000000,-0.3571428571428572,0.0357142857142857,-0.5000000000000000,-0.1071428571428571,-0.5714285714285714,0.1071428571428571,-0.3571428571428572,-0.1785714285714286,-0.4285714285714285,-0.1785714285714286,-0.4285714285714285,-0.1071428571428571,-0.5000000000000000,0.0357142857142857,-0.1428571428571428,-0.1785714285714286,-0.2857142857142857,-0.1785714285714286,-0.2857142857142857,-0.1071428571428571,-0.2857142857142857,0.1071428571428571,0.0714285714285714,-0.1785714285714286,-0.0714285714285714,-0.1071428571428571,0.0000000000000000,-0.0357142857142857,0.0000000000000000,0.1071428571428571,0.2142857142857143,-0.1785714285714286,0.2142857142857143,-0.1071428571428571,0.1428571428571428,0.0357142857142857,0.1428571428571428,-0.6071428571428571,-0.2857142857142857,-0.3928571428571428,-0.6428571428571429,-0.1071428571428571,-0.9285714285714286,0.2500000000000000,-0.9285714285714286,0.4642857142857143,-0.7857142857142857,-0.1071428571428571,-1.0000000000000000,0.5357142857142857,-0.9285714285714286,0.3928571428571428,-0.7857142857142857,0.1785714285714286,-0.7857142857142857,-0.1071428571428571,-0.7142857142857143,0.5357142857142857,-0.6428571428571429,0.3928571428571428,-0.5714285714285714,0.1785714285714286,-0.5714285714285714,-0.0357142857142857,-0.4285714285714285,0.5357142857142857,-0.3571428571428572,0.3928571428571428,-0.2857142857142857,0.1785714285714286,-0.2857142857142857,0.0357142857142857,-0.1428571428571428,0.4642857142857143,-0.1428571428571428,0.3214285714285715,-0.1428571428571428,0.1785714285714286,-0.1428571428571428
G,0.7596153846153846,0.3461538461538461,0.4711538461538461,0.0576923076923077,0.0288461538461538,-0.0384615384615385,-0.3365384615384616,0.1153846153846154,-0.5096153846153846,0.2884615384615384,0.2403846153846154,-0.0961538461538462,-0.2980769230769231,0.0192307692307692,-0.2019230769230769,0.0576923076923077,-0.0288461538461538,0.0576923076923077,0.2980769230769231,0.1346153846153846,-0.2788461538461539,0.2884615384615384,-0.1442307692307692,0.2884615384615384,0.0288461538461538,0.2692307692307692,0.3365384615384616,0.3846153846153846,-0.2019230769230769,0.5000000000000000,-0.0480769230769231,0.4807692307692308,0.1250000000000000,0.4423076923076923,0.3750000000000000,0.6538461538461539,-0.0288461538461538,0.6923076923076923,0.0865384615384615,0.6538461538461539,0.2596153846153846,0.6153846153846154,-0.7596153846153846,-0.3461538461538461,-0.6250000000000000,-0.7307692307692307,-0.3365384615384616,-0.9615384615384616,-0.0096153846153846,-1.0000000000000000,0.2211538461538461,-0.9423076923076923,-0.2211538461538461,-0.9423076923076923,0.2980769230769231,-0.9807692307692307,0.3365384615384616,-0.8846153846153846,0.2403846153846154,-0.7884615384615384,-0.1634615384615385,-0.6923076923076923,0.3942307692307692,-0.7307692307692307,0.3750000000000000,-0.6538461538461539,0.2403846153846154,-0.6153846153846154,-0.1250000000000000,-0.4615384615384616,0.3750000000000000,-0.5000000000000000,0.3173076923076923,-0.4615384615384616,0.1634615384615385,-0.4230769230769231,-0.0865384615384615,-0.2307692307692308,0.2980769230769231,-0.3076923076923077,0.2596153846153846,-0.3076923076923077,0.1057692307692308,-0.2884615384615384
G,0.3367346938775510,0.3265306122448979,0.2346938775510204,0.1020408163265306,0.0510204081632653,-0.0204081632653061,-0.1326530612244898,0.0000000000000000,-0.2346938775510204,0.1428571428571428,0.0714285714285714,-0.1020408163265306,-0.1734693877551020,0.0000000000000000,-0.1326530612244898,0.0816326530612245,-0.0306122448979592,0.0816326530612245,0.0918367346938776,0.0612244897959184,-0.1734693877551020,0.1836734693877551,-0.1122448979591837,0.2244897959183673,-0.0102040816326531,0.2040816326530612,0.1122448979591837,0.2244897959183673,-0.1530612244897959,0.3469387755102041,-0.0918367346938776,0.3673469387755102,-0.0102040816326531,0.3469387755102041,0.1122448979591837,0.3877551020408163,-0.0918367346938776,0.4897959183673469,-0.0714285714285714,0.5306122448979592,-0.0102040816326531,0.5306122448979592,-0.3367346938775510,-0.3265306122448979,-0.3163265306122449,-0.4897959183673469,-0.1938775510204082,-0.6530612244897959,-0.0918367346938776,-0.7551020408163265,0.0102040816326531,-0.8163265306122449,-0.1530612244897959,-0.6938775510204082,-0.0306122448979592,-0.8367346938775511,0.0306122448979592,-0.9387755102040817,0.0918367346938776,-1.0000000000000000,-0.1122448979591837,-0.6326530612244898,-0.0102040816326531,-0.7551020408163265,0.0510204081632653,-0.8367346938775511,0.1122448979591837,-0.8979591836734694,-0.0714285714285714,-0.5306122448979592,0.0306122448979592,-0.6530612244897959,0.0510204081632653,-0.6938775510204082,0.0714285714285714,-0.7346938775510204,-0.0510204081632653,-0.4285714285714285,0.0306122448979592,-0.5102040816326531,0.0306122448979592,-0.5306122448979592,0.0510204081632653,-0.5510204081632653
G,0.1923076923076923,0.3538461538461539,0.1769230769230769,0.3076923076923077,0.1461538461538462,0.2769230769230769,0.1153846153846154,0.2769230769230769,0.1000000000000000,0.2615384615384616,0.1153846153846154,0.3384615384615385,0.0846153846153846,0.3538461538461539,0.0692307692307692,0.3538461538461539,0.0538461538461538,0.3538461538461539,0.1153846153846154,0.3692307692307693,0.0846153846153846,0.3846153846153846,0.0692307692307692,0.4000000000000000,0.0692307692307692,0.4000000000000000,0.1153846153846154,0.4000000000000000,0.0846153846153846,0.4153846153846154,0.0692307692307692,0.4153846153846154,0.0692307692307692,0.4153846153846154,0.1153846153846154,0.4153846153846154,0.0846153846153846,0.4307692307692308,0.0692307692307692,0.4461538461538462,0.0692307692307692,0.4461538461538462,-0.1923076923076923,-0.3538461538461539,-0.0384615384615385,-0.6923076923076923,0.3000000000000000,-0.9076923076923077,0.6692307692307692,-0.9384615384615385,0.9153846153846154,-0.8153846153846154,0.3153846153846154,-0.8923076923076924,0.7923076923076923,-1.0000000000000000,0.7461538461538462,-0.9230769230769231,0.6230769230769231,-0.8307692307692308,0.3923076923076923,-0.6615384615384615,0.9000000000000000,-0.7384615384615385,0.8076923076923077,-0.7076923076923077,0.6384615384615384,-0.6615384615384615,0.4538461538461538,-0.4307692307692308,0.9153846153846154,-0.5384615384615384,0.8230769230769230,-0.5230769230769231,0.6692307692307692,-0.4769230769230769,0.5000000000000000,-0.2307692307692308,0.8846153846153846,-0.3538461538461539,0.8076923076923077,-0.3692307692307693,0.6538461538461539,-0.3384615384615385
G,0.7452830188679245,0.2264150943396226,0.4622641509433962,-0.0377358490566038,0.0471698113207547,-0.0377358490566038,-0.2547169811320755,0.1509433962264151,-0.4622641509433962,0.3018867924528302,-0.0471698113207547,-0.1132075471698113,-0.4433962264150944,0.1132075471698113,-0.3301886792452830,0.1320754716981132,-0.1792452830188679,0.0943396226415094,0.0283018867924528,0.1320754716981132,-0.3490566037735849,0.3584905660377358,-0.2169811320754717,0.3396226415094339,-0.0660377358490566,0.2830188679245283,0.1226415094339623,0.3773584905660378,-0.1981132075471698,0.5471698113207547,-0.0849056603773585,0.5094339622641509,0.0471698113207547,0.4528301886792453,0.2169811320754717,0.6037735849056604,-0.0660377358490566,0.6981132075471698,0.0283018867924528,0.6603773584905660,0.1415094339622641,0.6037735849056604,-0.7452830188679245,-0.2264150943396226,-0.6886792452830188,-0.5849056603773585,-0.4433962264150944,-0.8301886792452831,-0.1792452830188679,-0.8679245283018868,0.0283018867924528,-0.8490566037735849,-0.3679245283018868,-0.9622641509433962,0.0471698113207547,-1.0000000000000000,-0.0283018867924528,-0.8679245283018868,-0.1792452830188679,-0.8113207547169812,-0.3113207547169811,-0.7358490566037735,0.1226415094339623,-0.7358490566037735,0.0283018867924528,-0.6226415094339622,-0.1415094339622641,-0.6226415094339622,-0.2735849056603774,-0.5094339622641509,0.1226415094339623,-0.5094339622641509,0.0283018867924528,-0.4339622641509434,-0.1415094339622641,-0.4150943396226415,-0.2547169811320755,-0.3018867924528302,0.0471698113207547,-0.3207547169811321,-0.0471698113207547,-0.2830188679245283,-0.1792452830188679,-0.2641509433962264
G,0.4000000000000000,0.4133333333333333,0.2666666666666667,0.1200000000000000,0.0800000000000000,-0.1466666666666667,-0.1333333333333333,-0.2533333333333334,-0.2400000000000000,-0.2266666666666667,0.1066666666666667,-0.2000000000000000,-0.2400000000000000,-0.0400000000000000,-0.1600000000000000,-0.0133333333333333,-0.0533333333333333,-0.0400000000000000,0.1600000000000000,-0.0133333333333333,-0.2400000000000000,0.1733333333333333,-0.1066666666666667,0.1733333333333333,0.0266666666666667,0.1466666666666667,0.1866666666666667,0.2000000000000000,-0.1600000000000000,0.3600000000000000,-0.0533333333333333,0.3600000000000000,0.0800000000000000,0.3066666666666666,0.2400000000000000,0.4133333333333333,-0.0533333333333333,0.5200000000000000,0.0266666666666667,0.5200000000000000,0.1600000000000000,0.4666666666666667,-0.4000000000000000,-0.4133333333333333,-0.2933333333333333,-0.6800000000000000,-0.1333333333333333,-0.8666666666666667,0.0266666666666667,-0.9200000000000000,0.1333333333333333,-0.8666666666666667,-0.1066666666666667,-0.9200000000000000,0.1600000000000000,-1.0000000000000000,0.1333333333333333,-0.9466666666666667,0.0266666666666667,-0.8933333333333333,-0.0800000000000000,-0.7600000000000000,0.1866666666666667,-0.7600000000000000,0.1333333333333333,-0.7066666666666667,0.0000000000000000,-0.7066666666666667,-0.0800000000000000,-0.5733333333333334,0.1600000000000000,-0.5733333333333334,0.1066666666666667,-0.5466666666666666,0.0000000000000000,-0.5466666666666666,-0.0800000000000000,-0.4133333333333333,0.1066666666666667,-0.4400000000000000,0.0533333333333333,-0.4133333333333333,-0.0266666666666667,-0.4133333333333333
G,0.3333333333333333,0.3589743589743590,0.1538461538461539,0.1538461538461539,-0.0769230769230769,0.0512820512820513,-0.2564102564102564,0.1538461538461539,-0.2564102564102564,0.3589743589743590,0.0512820512820513,0.0000000000000000,-0.2564102564102564,0.1282051282051282,-0.2307692307692308,0.2051282051282051,-0.1282051282051282,0.2051282051282051,0.1025641025641026,0.2051282051282051,-0.2307692307692308,0.3333333333333333,-0.2051282051282051,0.3846153846153846,-0.1025641025641026,0.3589743589743590,0.1282051282051282,0.3846153846153846,-0.1794871794871795,0.5128205128205128,-0.1282051282051282,0.5384615384615384,-0.0256410256410256,0.5128205128205128,0.1282051282051282,0.5641025641025641,-0.0769230769230769,0.6410256410256411,-0.0512820512820513,0.6410256410256411,0.0512820512820513,0.6410256410256411,-0.3333333333333333,-0.3589743589743590,-0.3076923076923077,-0.5897435897435898,-0.2051282051282051,-0.8205128205128205,-0.0512820512820513,-0.9487179487179487,0.0512820512820513,-0.9743589743589743,-0.1794871794871795,-0.8717948717948718,0.1025641025641026,-1.0000000000000000,0.0512820512820513,-0.8974358974358975,-0.0512820512820513,-0.8205128205128205,-0.1538461538461539,-0.6923076923076923,0.1538461538461539,-0.7692307692307693,0.1025641025641026,-0.6923076923076923,-0.0256410256410256,-0.6410256410256411,-0.1025641025641026,-0.5128205128205128,0.1794871794871795,-0.5641025641025641,0.1025641025641026,-0.4871794871794872,-0.0256410256410256,-0.4615384615384616,-0.0769230769230769,-0.3076923076923077,0.1538461538461539,-0.3846153846153846,0.0769230769230769,-0.3333333333333333,-0.0256410256410256,-0.3076923076923077
G,0.7500000000000000,0.2857142857142857,0.4642857142857143,-0.1428571428571428,0.1785714285714286,-0.4285714285714285,-0.0357142857142857,-0.6428571428571429,-0.1071428571428571,-0.7142857142857143,-0.0357142857142857,-0.2142857142857143,-0.4642857142857143,-0.0714285714285714,-0.3214285714285715,-0.0714285714285714,-0.1785714285714286,-0.1428571428571428,0.0357142857142857,0.0714285714285714,-0.3928571428571428,0.1428571428571428,-0.3214285714285715,0.1428571428571428,-0.1071428571428571,0.1428571428571428,0.0357142857142857,0.3571428571428572,-0.3214285714285715,0.4285714285714285,-0.2500000000000000,0.4285714285714285,-0.1071428571428571,0.3571428571428572,0.1071428571428571,0.6428571428571429,-0.2500000000000000,0.6428571428571429,-0.1785714285714286,0.5714285714285714,-0.0357142857142857,0.5714285714285714,-0.7500000000000000,-0.2857142857142857,-0.5357142857142857,-0.6428571428571429,-0.2500000000000000,-0.9285714285714286,0.1071428571428571,-0.9285714285714286,0.3214285714285715,-0.7857142857142857,-0.1785714285714286,-1.0000000000000000,0.4642857142857143,-0.9285714285714286,0.3214285714285715,-0.8571428571428571,0.1071428571428571,-0.7857142857142857,-0.1785714285714286,-0.6428571428571429,0.5357142857142857,-0.6428571428571429,0.3214285714285715,-0.5714285714285714,0.1071428571428571,-0.5714285714285714,-0.1071428571428571,-0.3571428571428572,0.4642857142857143,-0.3571428571428572,0.3214285714285715,-0.2857142857142857,0.0357142857142857,-0.2857142857142857,-0.0357142857142857,-0.0714285714285714,0.3214285714285715,-0.0714285714285714,0.2500000000000000,0.0000000000000000,0.0357142857142857,0.0000000000000000
G,0.7666666666666667,0.3333333333333333,0.5000000000000000,-0.0666666666666667,0.1666666666666667,-0.2000000000000000,-0.1666666666666667,-0.2000000000000000,-0.3000000000000000,-0.2000000000000000,0.0333333333333333,0.0000000000000000,-0.4333333333333333,0.0666666666666667,-0.3000000000000000,0.0000000000000000,-0.1000000000000000,-0.0666666666666667,0.1000000000000000,0.2666666666666667,-0.3666666666666666,0.2666666666666667,-0.3000000000000000,0.1333333333333333,-0.1000000000000000,0.2000000000000000,0.1000000000000000,0.4666666666666667,-0.3000000000000000,0.4000000000000000,-0.1666666666666667,0.3333333333333333,-0.0333333333333333,0.3333333333333333,0.1666666666666667,0.6666666666666666,-0.1666666666666667,0.6000000000000000,-0.1000000000000000,0.5333333333333333,0.0333333333333333,0.5333333333333333,-0.7666666666666667,-0.3333333333333333,-0.5666666666666667,-0.6666666666666666,-0.2333333333333333,-0.9333333333333333,0.1000000000000000,-0.9333333333333333,0.3000000000000000,-0.8000000000000000,-0.2333333333333333,-1.0000000000000000,0.4333333333333333,-1.0000000000000000,0.3000000000000000,-0.8666666666666667,0.1000000000000000,-0.8666666666666667,-0.1666666666666667,-0.7333333333333333,0.4333333333333333,-0.6666666666666666,0.3000000000000000,-0.6000000000000000,0.1000000000000000,-0.6000000000000000,-0.1666666666666667,-0.4000000000000000,0.4333333333333333,-0.4000000000000000,0.3000000000000000,-0.4000000000000000,0.1000000000000000,-0.4000000000000000,-0.1000000000000000,-0.2000000000000000,0.3000000000000000,-0.2000000000000000,0.2333333333333333,-0.2000000000000000,0.0333333333333333,-0.2000000000000000
G,0.6000000000000000,0.3600000000000000,0.2800000000000000,0.1200000000000000,-0.0400000000000000,-0.1200000000000000,-0.2800000000000000,-0.2800000000000000,-0.4400000000000000,-0.3600000000000000,0.1200000000000000,-0.1200000000000000,-0.2800000000000000,-0.0400000000000000,-0.2800000000000000,0.0400000000000000,-0.2000000000000000,0.0400000000000000,0.2000000000000000,0.1200000000000000,-0.2000000000000000,0.2800000000000000,-0.2000000000000000,0.2800000000000000,-0.1200000000000000,0.2800000000000000,0.2800000000000000,0.2800000000000000,-0.1200000000000000,0.4400000000000000,-0.1200000000000000,0.5200000000000000,-0.0400000000000000,0.4400000000000000,0.3600000000000000,0.5200000000000000,0.0400000000000000,0.6800000000000000,0.0400000000000000,0.6800000000000000,0.0400000000000000,0.6000000000000000,-0.6000000000000000,-0.3600000000000000,-0.5200000000000000,-0.7600000000000000,-0.2800000000000000,-0.9200000000000000,-0.0400000000000000,-0.9200000000000000,0.0400000000000000,-0.8400000000000000,0.0400000000000000,-0.9200000000000000,0.2000000000000000,-1.0000000000000000,0.0400000000000000,-0.9200000000000000,-0.1200000000000000,-0.8400000000000000,0.1200000000000000,-0.6800000000000000,0.2000000000000000,-0.7600000000000000,0.0400000000000000,-0.6800000000000000,-0.1200000000000000,-0.6800000000000000,0.1200000000000000,-0.5200000000000000,0.2000000000000000,-0.5200000000000000,0.0400000000000000,-0.5200000000000000,-0.1200000000000000,-0.5200000000000000,0.0400000000000000,-0.2800000000000000,0.1200000000000000,-0.3600000000000000,0.0400000000000000,-0.3600000000000000,-0.1200000000000000,-0.3600000000000000
H,0.4732824427480916,0.4809160305343512,0.2290076335877863,0.3129770992366412,0.1068702290076336,-0.0687022900763359,0.0916030534351145,-0.3435114503816794,0.1068702290076336,-0.5572519083969466,0.3358778625954199,-0.3435114503816794,0.3358778625954199,-0.5877862595419847,0.3053435114503817,-0.7862595419847328,0.2748091603053435,-0.9389312977099237,0.5038167938931297,-0.3435114503816794,0.5190839694656488,-0.6183206106870229,0.4885496183206107,-0.8320610687022901,0.4274809160305343,-1.0000000000000000,0.6717557251908397,-0.2977099236641221,0.6870229007633588,-0.5725190839694656,0.6564885496183206,-0.7404580152671756,0.5954198473282443,-0.8625954198473282,0.8244274809160306,-0.2366412213740458,0.8396946564885496,-0.4656488549618321,0.8091603053435115,-0.6335877862595419,0.7633587786259542,-0.7404580152671756,-0.4732824427480916,-0.4809160305343512,-0.3206106870229007,-0.6641221374045801,-0.0916030534351145,-0.7862595419847328,0.1068702290076336,-0.8778625954198473,0.2595419847328244,-0.9541984732824428,0.1068702290076336,-0.6946564885496184,0.4274809160305343,-0.7404580152671756,0.6717557251908397,-0.7557251908396947,0.8396946564885496,-0.7709923664122137,0.1068702290076336,-0.5114503816793893,0.4885496183206107,-0.5725190839694656,0.7480916030534351,-0.5877862595419847,0.9465648854961832,-0.6030534351145038,0.0763358778625954,-0.3587786259541985,0.4427480916030535,-0.3893129770992366,0.6870229007633588,-0.4198473282442748,0.8702290076335878,-0.4656488549618321,0.0152671755725191,-0.2213740458015267,0.3053435114503817,-0.2213740458015267,0.4885496183206107,-0.2366412213740458,0.6564885496183206,-0.2824427480916031
H,0.3750000000000000,0.5138888888888888,0.1805555555555556,0.3472222222222222,0.1111111111111111,0.0138888888888889,0.1250000000000000,-0.2222222222222222,0.1666666666666667,-0.3888888888888889,0.3055555555555556,-0.2361111111111111,0.3194444444444444,-0.4583333333333333,0.3333333333333333,-0.6250000000000000,0.3472222222222222,-0.7777777777777778,0.4583333333333333,-0.2222222222222222,0.5000000000000000,-0.4722222222222222,0.5138888888888888,-0.6666666666666666,0.5000000000000000,-0.8333333333333334,0.6111111111111112,-0.1805555555555556,0.6527777777777778,-0.4166666666666667,0.6527777777777778,-0.5833333333333334,0.6388888888888888,-0.7083333333333334,0.7500000000000000,-0.0972222222222222,0.7916666666666666,-0.3055555555555556,0.8055555555555556,-0.4444444444444444,0.7916666666666666,-0.5416666666666666,-0.3750000000000000,-0.5138888888888888,-0.2638888888888889,-0.6666666666666666,-0.0972222222222222,-0.7916666666666666,0.0555555555555556,-0.9027777777777778,0.1805555555555556,-1.0000000000000000,0.1527777777777778,-0.6111111111111112,0.4583333333333333,-0.5972222222222222,0.6527777777777778,-0.5833333333333334,0.8194444444444444,-0.5555555555555556,0.1527777777777778,-0.4305555555555556,0.5138888888888888,-0.4305555555555556,0.7222222222222222,-0.4305555555555556,0.9027777777777778,-0.4166666666666667,0.1111111111111111,-0.2916666666666667,0.4444444444444444,-0.2916666666666667,0.6527777777777778,-0.2916666666666667,0.8333333333333334,-0.2916666666666667,0.0416666666666667,-0.1666666666666667,0.3055555555555556,-0.1388888888888889,0.4583333333333333,-0.1388888888888889,0.6111111111111112,-0.1527777777777778
H,0.4102564102564102,0.4102564102564102,0.2051282051282051,0.2692307692307692,0.1025641025641026,-0.0384615384615385,0.0769230769230769,-0.2564102564102564,0.0769230769230769,-0.4230769230769231,0.2820512820512820,-0.2820512820512820,0.2692307692307692,-0.5000000000000000,0.2564102564102564,-0.6538461538461539,0.2435897435897436,-0.7820512820512820,0.4230769230769231,-0.2820512820512820,0.4358974358974359,-0.5128205128205128,0.4230769230769231,-0.6923076923076923,0.3974358974358974,-0.8333333333333334,0.5641025641025641,-0.2435897435897436,0.5897435897435898,-0.4743589743589743,0.5769230769230769,-0.6282051282051282,0.5256410256410257,-0.7307692307692307,0.6923076923076923,-0.1794871794871795,0.7051282051282052,-0.3717948717948718,0.7051282051282052,-0.5000000000000000,0.6666666666666666,-0.5897435897435898,-0.4102564102564102,-0.4102564102564102,-0.3205128205128205,-0.5897435897435898,-0.1794871794871795,-0.7435897435897436,-0.0512820512820513,-0.8717948717948718,0.0384615384615385,-1.0000000000000000,0.0769230769230769,-0.6025641025641025,0.3589743589743590,-0.6282051282051282,0.5384615384615384,-0.6282051282051282,0.6794871794871795,-0.6282051282051282,0.1025641025641026,-0.4487179487179487,0.4102564102564102,-0.4743589743589743,0.6153846153846154,-0.4871794871794872,0.7820512820512820,-0.4871794871794872,0.0769230769230769,-0.3076923076923077,0.3717948717948718,-0.3333333333333333,0.5641025641025641,-0.3589743589743590,0.7179487179487180,-0.3846153846153846,0.0384615384615385,-0.1794871794871795,0.2692307692307692,-0.1794871794871795,0.4102564102564102,-0.1923076923076923,0.5384615384615384,-0.2307692307692308
H,0.4732824427480916,0.4809160305343512,0.2290076335877863,0.3129770992366412,0.1068702290076336,-0.0687022900763359,0.0916030534351145,-0.3435114503816794,0.1068702290076336,-0.5572519083969466,0.3358778625954199,-0.3435114503816794,0.3358778625954199,-0.5877862595419847,0.3053435114503817,-0.7862595419847328,0.2748091603053435,-0.9389312977099237,0.5038167938931297,-0.3435114503816794,0.5190839694656488,-0.6183206106870229,0.4885496183206107,-0.8320610687022901,0.4274809160305343,-1.0000000000000000,0.6717557251908397,-0.2977099236641221,0.6870229007633588,-0.5725190839694656,0.6564885496183206,-0.7404580152671756,0.5954198473282443,-0.8625954198473282,0.8244274809160306,-0.2366412213740458,0.8396946564885496,-0.4656488549618321,0.8091603053435115,-0.6335877862595419,0.7633587786259542,-0.7404580152671756,-0.4732824427480916,-0.4809160305343512,-0.3206106870229007,-0.6641221374045801,-0.0916030534351145,-0.7862595419847328,0.1068702290076336,-0.8778625954198473,0.2595419847328244,-0.9541984732824428,0.1068702290076336,-0.6946564885496184,0.4274809160305343,-0.7404580152671756,0.6717557251908397,-0.7557251908396947,0.8396946564885496,-0.7709923664122137,0.1068702290076336,-0.5114503816793893,0.4885496183206107,-0.5725190839694656,0.7480916030534351,-0.5877862595419847,0.9465648854961832,-0.6030534351145038,0.0763358778625954,-0.3587786259541985,0.4427480916030535,-0.3893129770992366,0.6870229007633588,-0.4198473282442748,0.8702290076335878,-0.4656488549618321,0.0152671755725191,-0.2213740458015267,0.3053435114503817,-0.2213740458015267,0.4885496183206107,-0.2366412213740458,0.6564885496183206,-0.2824427480916031
H,0.4102564102564102,0.4102564102564102,0.2051282051282051,0.2692307692307692,0.1025641025641026,-0.0384615384615385,0.0769230769230769,-0.2564102564102564,0.0769230769230769,-0.4230769230769231,0.2820512820512820,-0.2820512820512820,0.2692307692307692,-0.5000000000000000,0.2564102564102564,-0.6538461538461539,0.2435897435897436,-0.7820512820512820,0.4230769230769231,-0.2820512820512820,0.4358974358974359,-0.5128205128205128,0.4230769230769231,-0.6923076923076923,0.3974358974358974,-0.8333333333333334,0.5641025641025641,-0.2435897435897436,0.5897435897435898,-0.4743589743589743,0.5769230769230769,-0.6282051282051282,0.5256410256410257,-0.7307692307692307,0.6923076923076923,-0.1794871794871795,0.7051282051282052,-0.3717948717948718,0.7051282051282052,-0.5000000000000000,0.6666666666666666,-0.5897435897435898,-0.4102564102564102,-0.4102564102564102,-0.3205128205128205,-0.5897435897435898,-0.1794871794871795,-0.7435897435897436,-0.0512820512820513,-0.8717948717948718,0.0384615384615385,-1.0000000000000000,0.0769230769230769,-0.6025641025641025,0.3589743589743590,-0.6282051282051282,0.5384615384615384,-0.6282051282051282,0.6794871794871795,-0.6282051282051282,0.1025641025641026,-0.4487179487179487,0.4102564102564102,-0.4743589743589743,0.6153846153846154,-0.4871794871794872,0.7820512820512820,-0.4871794871794872,0.0769230769230769,-0.3076923076923077,0.3717948717948718,-0.3333333333333333,0.5641025641025641,-0.3589743589743590,0.7179487179487180,-0.3846153846153846,0.0384615384615385,-0.1794871794871795,0.2692307692307692,-0.1794871794871795,0.4102564102564102,-0.1923076923076923,0.5384615384615384,-0.2307692307692308
I,0.0000000000000000,0.0000000000000000,0.0000000000000000,0.0000000000000000,0.0000000000000000,0.0000000000000000,0.0000000000000000,0.0000000000000000,0.0000000000000000,0.0000000000000000,0.0000000000000000,0.0000000000000000,0.0000000000000000,0.0000000000000000,0.0000000000000000,0.0000000000000000,0.0000000000000000,0.0000000000000000,0.0000000000000000,0.0000000000000000,0.0000000000000000,0.0000000000000000,0.0000000000000000,0.0000000000000000,0.0000000000000000,0.0000000000000000,0.0000000000000000,0.0000000000000000,0.0000000000000000,0.0000000000000000,0.0000000000000000,0.0000000000000000,0.0000000000000000,0.0000000000000000,0.0000000000000000,0.0000000000000000,0.0000000000000000,0.0000000000000000,0.0000000000000000,0.0000000000000000,0.0000000000000000,0.0000000000000000,0.0000000000000000,0.0000000000000000,0.1062925170068027,-0.1547619047619048,0.1292517006802721,-0.3324829931972789,0.0935374149659864,-0.4710884353741497,-0.0068027210884354,-0.5663265306122449,-0.0085034013605442,-0.5714285714285714,-0.0544217687074830,-0.7789115646258503,-0.0688775510204082,-0.8979591836734694,-0.0918367346938776,-1.0000000000000000,-0.1224489795918367,-0.5153061224489796,-0.1666666666666667,-0.6522108843537415,-0.0833333333333333,-0.4931972789115646,-0.0314625850340136,-0.4081632653061225,-0.2202380952380952,-0.4277210884353742,-0.2627551020408163,-0.5357142857142857,-0.1581632653061225,-0.3979591836734694,-0.1088435374149660,-0.3299319727891156,-0.3103741496598639,-0.3239795918367347,-0.3375850340136055,-0.4158163265306122,-0.2534013605442177,-0.3367346938775510,-0.2083333333333333,-0.2865646258503401
I,0.0000000000000000,0.0000000000000000,0.0000000000000000,0.0000000000000000,0.0000000000000000,0.0000000000000000,0.0000000000000000,0.0000000000000000,0.0000000000000000,0.0000000000000000,0.0000000000000000,0.0000000000000000,0.0000000000000000,0.0000000000000000,0.0000000000000000,0.0000000000000000,0.0000000000000000,0.0000000000000000,0.0000000000000000,0.0000000000000000,0.0000000000000000,0.0000000000000000,0.0000000000000000,0.0000000000000000,0.0000000000000000,0.0000000000000000,0.0000000000000000,0.0000000000000000,0.0000000000000000,0.0000000000000000,0.0000000000000000,0.0000000000000000,0.0000000000000000,0.0000000000000000,0.0000000000000000,0.0000000000000000,0.0000000000000000,0.0000000000000000,0.0000000000000000,0.0000000000000000,0.0000000000000000,0.0000000000000000,0.0000000000000000,0.0000000000000000,0.1586748038360942,-0.1185701830863121,0.2441150828247602,-0.2877070619006103,0.2414995640802092,-0.4333042720139494,0.1290322580645161,-0.5074106364428945,0.1865736704446382,-0.5562336530078466,0.2223190932868352,-0.7663469921534438,0.2502179598953793,-0.8866608544027899,0.2632955536181343,-1.0000000000000000,0.0540540540540541,-0.5361813426329556,0.0680034873583261,-0.6843940714908456,0.0959023539668701,-0.5039232781168265,0.1089799476896251,-0.4088927637314734,-0.0671316477768091,-0.4760244115082825,-0.0653879686137751,-0.5762859633827376,-0.0026155187445510,-0.4106364428945074,0.0139494333042720,-0.3286835222319093,-0.1804707933740192,-0.3940714908456844,-0.1682650392327812,-0.4803836094158675,-0.1089799476896251,-0.3809938971229294,-0.0863121185701831,-0.3173496076721883
I,0.0000000000000000,0.0000000000000000,0.0000000000000000,0.0000000000000000,0.0000000000000000,0.0000000000000000,0.0000000000000000,0.0000000000000000,0.0000000000000000,0.0000000000000000,0.0000000000000000,0.0000000000000000,0.0000000000000000,0.0000000000000000,0.0000000000000000,0.0000000000000000,0.0000000000000000,0.0000000000000000,0.0000000000000000,0.0000000000000000,0.0000000000000000,0.0000000000000000,0.0000000000000000,0.0000000000000000,0.0000000000000000,0.0000000000000000,0.0000000000000000,0.0000000000000000,0.0000000000000000,0.0000000000000000,0.0000000000000000,0.0000000000000000,0.0000000000000000,0.0000000000000000,0.0000000000000000,0.0000000000000000,0.0000000000000000,0.0000000000000000,0.0000000000000000,0.0000000000000000,0.0000000000000000,0.0000000000000000,0.0000000000000000,0.0000000000000000,0.1412180052956752,-0.1156222418358341,0.2224183583406884,-0.2965578111209179,0.1950573698146514,-0.4360105913503972,0.0829655781112092,-0.5163283318623124,0.1562224183583407,-0.5392762577228597,0.1712268314210062,-0.7581641659311562,0.1809355692850838,-0.8808473080317740,0.1782877316857899,-1.0000000000000000,0.0273609885260371,-0.5136804942630185,0.0114739629302736,-0.6425419240953222,0.0423654015887026,-0.4563106796116505,0.0644307149161518,-0.3706972639011474,-0.0962047661076787,-0.4527802294792586,-0.1226831421006178,-0.5454545454545454,-0.0573698146513680,-0.3742277140335393,-0.0247131509267432,-0.3045013239187996,-0.2109443954104148,-0.3724624889673434,-0.2303618711385702,-0.4474845542806708,-0.1694616063548103,-0.3477493380406002,-0.1341571050308914,-0.3000882612533098
I,0.0000000000000000,0.0000000000000000,0.0000000000000000,0.0000000000000000,0.0000000000000000,0.0000000000000000,0.0000000000000000,0.0000000000000000,0.0000000000000000,0.0000000000000000,0.0000000000000000,0.0000000000000000,0.0000000000000000,0.0000000000000000,0.0000000000000000,0.0000000000000000,0.0000000000000000,0.0000000000000000,0.0000000000000000,0.0000000000000000,0.0000000000000000,0.0000000000000000,0.0000000000000000,0.0000000000000000,0.0000000000000000,0.0000000000000000,0.0000000000000000,0.0000000000000000,0.0000000000000000,0.0000000000000000,0.0000000000000000,0.0000000000000000,0.0000000000000000,0.0000000000000000,0.0000000000000000,0.0000000000000000,0.0000000000000000,0.0000000000000000,0.0000000000000000,0.0000000000000000,0.0000000000000000,0.0000000000000000,0.0000000000000000,0.0000000000000000,0.1138279932546374,-0.1458684654300169,0.1585160202360877,-0.3195615514333895,0.1273187183811130,-0.4494097807757167,0.0151770657672850,-0.5109612141652614,0.0505902192242833,-0.5649241146711635,0.0033726812816189,-0.7774030354131535,-0.0236087689713322,-0.8971332209106240,-0.0581787521079258,-1.0000000000000000,-0.0691399662731872,-0.5118043844856661,-0.0969645868465430,-0.6247892074198989,-0.0261382799325464,-0.4485666104553120,0.0185497470489039,-0.3558178752107926,-0.1770657672849916,-0.4325463743676223,-0.2023608768971332,-0.5042158516020236,-0.1129848229342327,-0.3507588532883643,-0.0657672849915683,-0.2748735244519393,-0.2723440134907251,-0.3364249578414840,-0.2925801011804384,-0.3988195615514334,-0.2166947723440135,-0.3111298482293423,-0.1728499156829680,-0.2596964586846543
I,0.0000000000000000,0.0000000000000000,0.0000000000000000,0.0000000000000000,0.0000000000000000,0.0000000000000000,0.0000000000000000,0.0000000000000000,0.0000000000000000,0.0000000000000000,0.0000000000000000,0.0000000000000000,0.0000000000000000,0.0000000000000000,0.0000000000000000,0.0000000000000000,0.0000000000000000,0.0000000000000000,0.0000000000000000,0.0000000000000000,0.0000000000000000,0.0000000000000000,0.0000000000000000,0.0000000000000000,0.0000000000000000,0.0000000000000000,0.0000000000000000,0.0000000000000000,0.0000000000000000,0.0000000000000000,0.0000000000000000,0.0000000000000000,0.0000000000000000,0.0000000000000000,0.0000000000000000,0.0000000000000000,0.0000000000000000,0.0000000000000000,0.0000000000000000,0.0000000000000000,0.0000000000000000,0.0000000000000000,0.0000000000000000,0.0000000000000000,0.1012006861063465,-0.1526586620926244,0.1260720411663808,-0.3344768439108062,0.0840480274442539,-0.4605488850771869,-0.0377358490566038,-0.5017152658662093,-0.0008576329331046,-0.5643224699828473,-0.0626072041166381,-0.7787307032590052,-0.1003430531732419,-0.8979416809605489,-0.1466552315608919,-1.0000000000000000,-0.1192109777015437,-0.5008576329331046,-0.1526586620926244,-0.6226415094339622,-0.0643224699828473,-0.4451114922813036,-0.0120068610634648,-0.3593481989708405,-0.2195540308747856,-0.4108061749571184,-0.2487135506003431,-0.4948542024013722,-0.1415094339622641,-0.3413379073756432,-0.0917667238421955,-0.2710120068610635,-0.3070325900514580,-0.3044596912521441,-0.3293310463121784,-0.3782161234991424,-0.2418524871355060,-0.2890222984562607,-0.1972555746140652,-0.2401372212692967
I,0.0000000000000000,0.0000000000000000,-0.1159420289855072,-0.1739130434782609,-0.3043478260869565,-0.2898550724637681,-0.5072463768115942,-0.2318840579710145,-0.6231884057971014,-0.1449275362318841,-0.2753623188405797,-0.5362318840579711,-0.4782608695652174,-0.7391304347826086,-0.6086956521739131,-0.8840579710144928,-0.7246376811594203,-1.0000000000000000,-0.2028985507246377,-0.4637681159420290,-0.5507246376811594,-0.3478260869565217,-0.5362318840579711,-0.2173913043478261,-0.4492753623188406,-0.1884057971014493,-0.1449275362318841,-0.2898550724637681,-0.4927536231884058,-0.1594202898550725,-0.4492753623188406,-0.0724637681159420,-0.3623188405797101,-0.0869565217391304,-0.1159420289855072,-0.1159420289855072,-0.3768115942028986,-0.0144927536231884,-0.3768115942028986,0.0434782608695652,-0.3043478260869565,0.0289855072463768,0.0000000000000000,0.0000000000000000,0.0000000000000000,0.0000000000000000,0.0000000000000000,0.0000000000000000,0.0000000000000000,0.0000000000000000,0.0000000000000000,0.0000000000000000,0.0000000000000000,0.0000000000000000,0.0000000000000000,0.0000000000000000,0.0000000000000000,0.0000000000000000,0.0000000000000000,0.0000000000000000,0.0000000000000000,0.0000000000000000,0.0000000000000000,0.0000000000000000,0.0000000000000000,0.0000000000000000,0.0000000000000000,0.0000000000000000,0.0000000000000000,0.0000000000000000,0.0000000000000000,0.0000000000000000,0.0000000000000000,0.0000000000000000,0.0000000000000000,0.0000000000000000,0.0000000000000000,0.0000000000000000,0.0000000000000000,0.0000000000000000,0.0000000000000000,0.0000000000000000,0.0000000000000000,0.0000000000000000
I,0.0000000000000000,0.0000000000000000,-0.1714285714285714,-0.1714285714285714,-0.3714285714285714,-0.2714285714285714,-0.6000000000000000,-0.2142857142857143,-0.7428571428571429,-0.1428571428571428,-0.3571428571428572,-0.5142857142857142,-0.5428571428571428,-0.7285714285714285,-0.6571428571428571,-0.8857142857142857,-0.7571428571428571,-1.0000000000000000,-0.3142857142857143,-0.4428571428571428,-0.6428571428571429,-0.3571428571428572,-0.6000000000000000,-0.2285714285714286,-0.5142857142857142,-0.2142857142857143,-0.2857142857142857,-0.3000000000000000,-0.6142857142857143,-0.1714285714285714,-0.5428571428571428,-0.1000000000000000,-0.4285714285714285,-0.1285714285714286,-0.2714285714285714,-0.1285714285714286,-0.5285714285714286,-0.0142857142857143,-0.4714285714285714,0.0285714285714286,-0.3714285714285714,0.0142857142857143,0.0000000000000000,0.0000000000000000,0.0000000000000000,0.0000000000000000,0.0000000000000000,0.0000000000000000,0.0000000000000000,0.0000000000000000,0.0000000000000000,0.0000000000000000,0.0000000000000000,0.0000000000000000,0.0000000000000000,0.0000000000000000,0.0000000000000000,0.0000000000000000,0.0000000000000000,0.0000000000000000,0.0000000000000000,0.0000000000000000,0.0000000000000000,0.0000000000000000,0.0000000000000000,0.0000000000000000,0.0000000000000000,0.0000000000000000,0.0000000000000000,0.0000000000000000,0.0000000000000000,0.0000000000000000,0.0000000000000000,0.0000000000000000,0.0000000000000000,0.0000000000000000,0.0000000000000000,0.0000000000000000,0.0000000000000000,0.0000000000000000,0.0000000000000000,0.0000000000000000,0.0000000000000000,0.0000000000000000
I,0.0000000000000000,0.0000000000000000,0.0000000000000000,0.0000000000000000,0.0000000000000000,0.0000000000000000,0.0000000000000000,0.0000000000000000,0.0000000000000000,0.0000000000000000,0.0000000000000000,0.0000000000000000,0.0000000000000000,0.0000000000000000,0.0000000000000000,0.0000000000000000,0.0000000000000000,0.0000000000000000,0.0000000000000000,0.0000000000000000,0.0000000000000000,0.0000000000000000,0.0000000000000000,0.0000000000000000,0.0000000000000000,0.0000000000000000,0.0000000000000000,0.0000000000000000,0.0000000000000000,0.0000000000000000,0.0000000000000000,0.0000000000000000,0.0000000000000000,0.0000000000000000,0.0000000000000000,0.0000000000000000,0.0000000000000000,0.0000000000000000,0.0000000000000000,0.0000000000000000,0.0000000000000000,0.0000000000000000,0.0000000000000000,0.0000000000000000,0.2777777777777778,-0.2777777777777778,0.3888888888888889,-0.5000000000000000,0.4444444444444444,-0.7222222222222222,0.5000000000000000,-0.8333333333333334,0.1666666666666667,-0.8333333333333334,0.2222222222222222,-1.0000000000000000,0.3333333333333333,-0.8333333333333334,0.3333333333333333,-0.7222222222222222,0.0555555555555556,-0.7777777777777778,0.1111111111111111,-0.8888888888888888,0.2222222222222222,-0.7777777777777778,0.2222222222222222,-0.6666666666666666,-0.0555555555555556,-0.6666666666666666,0.0555555555555556,-0.7777777777777778,0.1111111111111111,-0.6666666666666666,0.1666666666666667,-0.5555555555555556,-0.1666666666666667,-0.5555555555555556,-0.0555555555555556,-0.6666666666666666,0.0555555555555556,-0.6111111111111112,0.0555555555555556,-0.5000000000000000
I,0.0000000000000000,0.0000000000000000,0.0000000000000000,0.0000000000000000,0.0000000000000000,0.0000000000000000,0.0000000000000000,0.0000000000000000,0.0000000000000000,0.0000000000000000,0.0000000000000000,0.0000000000000000,0.0000000000000000,0.0000000000000000,0.0000000000000000,0.0000000000000000,0.0000000000000000,0.0000000000000000,0.0000000000000000,0.0000000000000000,0.0000000000000000,0.0000000000000000,0.0000000000000000,0.0000000000000000,0.0000000000000000,0.0000000000000000,0.0000000000000000,0.0000000000000000,0.0000000000000000,0.0000000000000000,0.0000000000000000,0.0000000000000000,0.0000000000000000,0.0000000000000000,0.0000000000000000,0.0000000000000000,0.0000000000000000,0.0000000000000000,0.0000000000000000,0.0000000000000000,0.0000000000000000,0.0000000000000000,0.0000000000000000,0.0000000000000000,0.2857142857142857,-0.1964285714285714,0.5000000000000000,-0.4642857142857143,0.5892857142857143,-0.6785714285714286,0.6785714285714286,-0.8571428571428571,0.1785714285714286,-0.8571428571428571,0.3928571428571428,-0.9464285714285714,0.5535714285714286,-0.9821428571428571,0.6785714285714286,-1.0000000000000000,0.0178571428571429,-0.8571428571428571,0.3392857142857143,-0.8392857142857143,0.3750000000000000,-0.6071428571428571,0.3214285714285715,-0.5000000000000000,-0.1250000000000000,-0.7678571428571429,0.2142857142857143,-0.7142857142857143,0.2321428571428572,-0.5000000000000000,0.1428571428571428,-0.4285714285714285,-0.2321428571428572,-0.6250000000000000,0.0535714285714286,-0.5892857142857143,0.0892857142857143,-0.4464285714285715,0.0000000000000000,-0.3928571428571428
I,0.0000000000000000,0.0000000000000000,0.0000000000000000,0.0000000000000000,0.0000000000000000,0.0000000000000000,0.0000000000000000,0.0000000000000000,0.0000000000000000,0.0000000000000000,0.0000000000000000,0.0000000000000000,0.0000000000000000,0.0000000000000000,0.0000000000000000,0.0000000000000000,0.0000000000000000,0.0000000000000000,0.0000000000000000,0.0000000000000000,0.0000000000000000,0.0000000000000000,0.0000000000000000,0.0000000000000000,0.0000000000000000,0.0000000000000000,0.0000000000000000,0.0000000000000000,0.0000000000000000,0.0000000000000000,0.0000000000000000,0.0000000000000000,0.0000000000000000,0.0000000000000000,0.0000000000000000,0.0000000000000000,0.0000000000000000,0.0000000000000000,0.0000000000000000,0.0000000000000000,0.0000000000000000,0.0000000000000000,0.0000000000000000,0.0000000000000000,0.0600000000000000,-0.1800000000000000,0.1800000000000000,-0.3600000000000000,0.3400000000000000,-0.4600000000000000,0.4800000000000000,-0.4800000000000000,0.1600000000000000,-0.5600000000000001,0.2800000000000000,-0.7400000000000000,0.3600000000000000,-0.8800000000000000,0.4000000000000000,-1.0000000000000000,0.2200000000000000,-0.5200000000000000,0.4400000000000000,-0.5600000000000001,0.5400000000000000,-0.5200000000000000,0.5800000000000000,-0.4800000000000000,0.3000000000000000,-0.4400000000000000,0.5200000000000000,-0.4400000000000000,0.5800000000000000,-0.4000000000000000,0.6200000000000000,-0.3600000000000000,0.3800000000000000,-0.3200000000000000,0.5400000000000000,-0.3200000000000000,0.6200000000000000,-0.3000000000000000,0.6600000000000000,-0.2600000000000000
I,0.0000000000000000,0.0000000000000000,0.0000000000000000,0.0000000000000000,0.0000000000000000,0.0000000000000000,0.0000000000000000,0.0000000000000000,0.0000000000000000,0.0000000000000000,0.0000000000000000,0.0000000000000000,0.0000000000000000,0.0000000000000000,0.0000000000000000,0.0000000000000000,0.0000000000000000,0.0000000000000000,0.0000000000000000,0.0000000000000000,0.0000000000000000,0.0000000000000000,0.0000000000000000,0.0000000000000000,0.0000000000000000,0.0000000000000000,0.0000000000000000,0.0000000000000000,0.0000000000000000,0.0000000000000000,0.0000000000000000,0.0000000000000000,0.0000000000000000,0.0000000000000000,0.0000000000000000,0.0000000000000000,0.0000000000000000,0.0000000000000000,0.0000000000000000,0.0000000000000000,0.0000000000000000,0.0000000000000000,0.0000000000000000,0.0000000000000000,0.0000000000000000,-0.2682926829268293,0.1219512195121951,-0.5121951219512195,0.2682926829268293,-0.5853658536585366,0.4146341463414634,-0.5853658536585366,0.1707317073170732,-0.7073170731707317,0.4146341463414634,-0.8292682926829268,0.5609756097560976,-0.9268292682926830,0.6585365853658537,-1.0000000000000000,0.2682926829268293,-0.6585365853658537,0.5121951219512195,-0.6097560975609756,0.5121951219512195,-0.5121951219512195,0.4634146341463415,-0.4390243902439024,0.3414634146341464,-0.5609756097560976,0.5853658536585366,-0.5121951219512195,0.5609756097560976,-0.3902439024390244,0.4878048780487805,-0.3170731707317073,0.4390243902439024,-0.4634146341463415,0.6097560975609756,-0.3902439024390244,0.5853658536585366,-0.2926829268292683,0.5121951219512195,-0.2195121951219512
I,0.0000000000000000,0.0000000000000000,0.0000000000000000,0.0000000000000000,0.0000000000000000,0.0000000000000000,0.0000000000000000,0.0000000000000000,0.0000000000000000,0.0000000000000000,0.0000000000000000,0.0000000000000000,0.0000000000000000,0.0000000000000000,0.0000000000000000,0.0000000000000000,0.0000000000000000,0.0000000000000000,0.0000000000000000,0.0000000000000000,0.0000000000000000,0.0000000000000000,0.0000000000000000,0.0000000000000000,0.0000000000000000,0.0000000000000000,0.0000000000000000,0.0000000000000000,0.0000000000000000,0.0000000000000000,0.0000000000000000,0.0000000000000000,0.0000000000000000,0.0000000000000000,0.0000000000000000,0.0000000000000000,0.0000000000000000,0.0000000000000000,0.0000000000000000,0.0000000000000000,0.0000000000000000,0.0000000000000000,0.0000000000000000,0.0000000000000000,0.4210526315789473,-0.2105263157894737,0.6842105263157895,-0.4210526315789473,0.8421052631578947,-0.5789473684210527,0.7368421052631579,-0.6315789473684210,0.5263157894736842,-0.8421052631578947,0.6842105263157895,-1.0000000000000000,0.7368421052631579,-0.8947368421052632,0.6842105263157895,-0.7894736842105263,0.3684210526315789,-0.8947368421052632,0.4736842105263158,-1.0000000000000000,0.5263157894736842,-0.8421052631578947,0.4736842105263158,-0.7368421052631579,0.1578947368421053,-0.8421052631578947,0.3157894736842105,-0.8421052631578947,0.3157894736842105,-0.6842105263157895,0.2631578947368421,-0.5789473684210527,0.0000000000000000,-0.7894736842105263,0.1578947368421053,-0.7368421052631579,0.1578947368421053,-0.6315789473684210,0.1578947368421053,-0.5789473684210527
J,0.8189655172413793,-0.5172413793103449,0.6637931034482759,-0.8793103448275862,0.3362068965517241,-1.0000000000000000,0.0603448275862069,-0.9310344827586207,-0.0258620689655172,-0.7586206896551724,0.4051724137931034,-0.7413793103448276,0.0948275862068965,-0.7413793103448276,0.0258620689655172,-0.8103448275862069,0.0258620689655172,-0.8275862068965517,0.3706896551724138,-0.5517241379310345,0.0258620689655172,-0.6379310344827587,0.0948275862068965,-0.7413793103448276,0.2155172413793103,-0.7241379310344828,0.3534482758620690,-0.4137931034482759,0.0603448275862069,-0.5344827586206896,0.1120689655172414,-0.6206896551724138,0.2155172413793103,-0.6206896551724138,0.3362068965517241,-0.3103448275862069,0.1120689655172414,-0.4482758620689655,0.1637931034482759,-0.5344827586206896,0.2500000000000000,-0.5172413793103449,-0.8189655172413793,0.5172413793103449,-0.6465517241379310,0.2413793103448276,-0.3706896551724138,-0.0172413793103448,-0.2155172413793103,-0.2931034482758620,-0.1637931034482759,-0.5517241379310345,-0.1637931034482759,0.1379310344827586,0.2844827586206897,0.0862068965517241,0.5431034482758621,0.0517241379310345,0.7500000000000000,0.0344827586206897,-0.1637931034482759,0.3965517241379310,0.2500000000000000,0.4655172413793103,0.0948275862068965,0.4310344827586207,-0.0775862068965517,0.3965517241379310,-0.2155172413793103,0.6206896551724138,0.1465517241379310,0.6551724137931034,0.0086206896551724,0.6206896551724138,-0.1465517241379310,0.6034482758620690,-0.3017241379310345,0.8275862068965517,-0.0086206896551724,0.8275862068965517,-0.1293103448275862,0.7758620689655172,-0.2672413793103448,0.7758620689655172
J,0.6883116883116883,-0.7922077922077922,0.7662337662337663,-0.8181818181818182,0.8701298701298701,-0.8701298701298701,0.9220779220779221,-0.8961038961038961,0.9740259740259740,-0.9480519480519480,0.9220779220779221,-0.8701298701298701,1.0000000000000000,-0.9480519480519480,0.9740259740259740,-1.0000000000000000,0.9480519480519480,-1.0000000000000000,0.8961038961038961,-0.8701298701298701,0.9740259740259740,-0.9480519480519480,0.9480519480519480,-1.0000000000000000,0.8961038961038961,-0.9740259740259740,0.8961038961038961,-0.8701298701298701,0.9480519480519480,-0.9480519480519480,0.9220779220779221,-0.9740259740259740,0.8961038961038961,-0.9740259740259740,0.8441558441558441,-0.8441558441558441,0.8961038961038961,-0.9220779220779221,0.8961038961038961,-0.9480519480519480,0.8701298701298701,-0.9480519480519480,-0.6883116883116883,0.7922077922077922,-0.6883116883116883,0.2987012987012987,-0.5844155844155844,-0.1428571428571428,-0.5584415584415584,-0.5584415584415584,-0.6363636363636364,-0.8961038961038961,-0.1168831168831169,-0.1168831168831169,0.3766233766233766,-0.5064935064935064,0.6883116883116883,-0.7662337662337663,0.9220779220779221,-0.9480519480519480,0.0909090909090909,0.2207792207792208,0.6103896103896104,-0.0129870129870130,0.4025974025974026,0.0389610389610390,0.1948051948051948,0.1428571428571428,0.1948051948051948,0.5844155844155844,0.6103896103896104,0.3246753246753247,0.4285714285714285,0.3766233766233766,0.2467532467532468,0.4805194805194805,0.2467532467532468,0.8961038961038961,0.5844155844155844,0.6623376623376623,0.4285714285714285,0.6883116883116883,0.2207792207792208,0.7662337662337663
J,0.9901960784313726,-0.4117647058823529,0.9117647058823529,-0.7647058823529411,0.6372549019607843,-0.9607843137254902,0.3235294117647059,-1.0000000000000000,0.1470588235294118,-0.9019607843137255,0.5980392156862745,-0.7647058823529411,0.1862745098039216,-0.8235294117647058,0.1274509803921569,-0.9215686274509803,0.1666666666666667,-0.9411764705882353,0.5196078431372549,-0.5490196078431373,0.1470588235294118,-0.6862745098039216,0.1862745098039216,-0.7647058823529411,0.3235294117647059,-0.7450980392156863,0.5000000000000000,-0.3921568627450980,0.1666666666666667,-0.5490196078431373,0.2058823529411765,-0.6274509803921569,0.3235294117647059,-0.6078431372549019,0.4607843137254902,-0.2745098039215687,0.2058823529411765,-0.4313725490196079,0.2647058823529412,-0.5098039215686274,0.3627450980392157,-0.4901960784313725,-0.9901960784313726,0.4117647058823529,-0.7745098039215687,0.1176470588235294,-0.4411764705882353,-0.0980392156862745,-0.2254901960784314,-0.3529411764705883,-0.1274509803921569,-0.5686274509803921,-0.2254901960784314,0.1568627450980392,0.2450980392156863,0.1764705882352941,0.5392156862745098,0.1764705882352941,0.7549019607843137,0.1960784313725490,-0.2647058823529412,0.4117647058823529,0.1078431372549020,0.5686274509803921,-0.0294117647058824,0.4901960784313725,-0.2058823529411765,0.4313725490196079,-0.3823529411764706,0.6470588235294118,-0.0490196078431373,0.7647058823529411,-0.1666666666666667,0.7058823529411765,-0.3235294117647059,0.6470588235294118,-0.5196078431372549,0.8431372549019608,-0.2450980392156863,0.9215686274509803,-0.3431372549019608,0.8627450980392157,-0.4803921568627451,0.8039215686274510
J,0.7457627118644068,-0.5762711864406780,0.5593220338983050,-0.8983050847457628,0.2372881355932203,-1.0000000000000000,-0.0169491525423729,-0.9152542372881356,-0.1016949152542373,-0.7627118644067796,0.2881355932203390,-0.7796610169491526,-0.0169491525423729,-0.7457627118644068,-0.0338983050847458,-0.8135593220338984,-0.0169491525423729,-0.8474576271186440,0.2881355932203390,-0.5932203389830508,-0.0169491525423729,-0.6440677966101694,0.0338983050847458,-0.7288135593220338,0.1355932203389831,-0.7457627118644068,0.3050847457627119,-0.4576271186440678,0.0338983050847458,-0.5254237288135594,0.0677966101694915,-0.6101694915254238,0.1694915254237288,-0.6271186440677966,0.3220338983050847,-0.3389830508474576,0.0847457627118644,-0.4406779661016949,0.1355932203389831,-0.5084745762711864,0.2203389830508475,-0.4915254237288136,-0.7457627118644068,0.5762711864406780,-0.6101694915254238,0.2881355932203390,-0.3728813559322034,0.0169491525423729,-0.2372881355932203,-0.2542372881355932,-0.2203389830508475,-0.4745762711864407,-0.1355932203389831,0.1525423728813559,0.2881355932203390,0.0677966101694915,0.5423728813559322,0.0000000000000000,0.7288135593220338,-0.0338983050847458,-0.1016949152542373,0.3898305084745763,0.2711864406779661,0.4406779661016949,0.1355932203389831,0.4237288135593220,-0.0508474576271186,0.4067796610169492,-0.1355932203389831,0.6271186440677966,0.1864406779661017,0.6440677966101694,0.0677966101694915,0.6271186440677966,-0.1016949152542373,0.6271186440677966,-0.2033898305084746,0.8305084745762712,0.0508474576271186,0.8305084745762712,-0.0508474576271186,0.7966101694915254,-0.1864406779661017,0.7966101694915254
J,0.9054054054054054,-0.7297297297297297,0.8243243243243243,-0.6216216216216216,0.7162162162162162,-0.5675675675675675,0.6351351351351351,-0.5405405405405406,0.5540540540540541,-0.5405405405405406,0.6351351351351351,-0.6216216216216216,0.5000000000000000,-0.5675675675675675,0.3918918918918919,-0.5405405405405406,0.3108108108108108,-0.5135135135135135,0.6351351351351351,-0.6486486486486487,0.5000000000000000,-0.5945945945945946,0.4189189189189189,-0.5675675675675675,0.3378378378378378,-0.5405405405405406,0.6891891891891891,-0.7027027027027027,0.5540540540540541,-0.6486486486486487,0.4729729729729730,-0.5945945945945946,0.3918918918918919,-0.5675675675675675,0.7432432432432432,-0.7297297297297297,0.6621621621621622,-0.7027027027027027,0.6081081081081081,-0.6486486486486487,0.5540540540540541,-0.6216216216216216,-0.9054054054054054,0.7297297297297297,-0.8513513513513513,0.2162162162162162,-0.6621621621621622,-0.2162162162162162,-0.5810810810810810,-0.6216216216216216,-0.6351351351351351,-0.9459459459459459,-0.1756756756756757,-0.0810810810810811,0.3378378378378378,-0.4054054054054054,0.6891891891891891,-0.5945945945945946,0.9324324324324325,-0.7567567567567568,-0.0405405405405405,0.2972972972972973,0.5000000000000000,0.1081081081081081,0.2837837837837838,0.1351351351351351,0.0135135135135135,0.2162162162162162,-0.0135135135135135,0.6756756756756757,0.4729729729729730,0.4594594594594595,0.2567567567567567,0.5135135135135135,0.0405405405405405,0.5945945945945946,-0.0405405405405405,1.0000000000000000,0.3648648648648649,0.8108108108108109,0.2027027027027027,0.8108108108108109,-0.0135135135135135,0.8918918918918919
K,0.4519230769230769,-1.0000000000000000,0.3557692307692308,-0.7307692307692307,0.3173076923076923,-0.4807692307692308,0.3942307692307692,-0.3076923076923077,0.4711538461538461,-0.1923076923076923,-0.1057692307692308,-0.4615384615384616,-0.1634615384615385,-0.1730769230769231,-0.0865384615384615,-0.0384615384615385,0.0480769230769231,0.0384615384615385,-0.0673076923076923,-0.6346153846153846,0.2596153846153846,-0.2884615384615384,0.3750000000000000,-0.3461538461538461,0.3557692307692308,-0.4230769230769231,0.0865384615384615,-0.7884615384615384,0.4519230769230769,-0.4423076923076923,0.4903846153846154,-0.5384615384615384,0.4134615384615384,-0.6153846153846154,0.2596153846153846,-0.9038461538461539,0.5288461538461539,-0.6153846153846154,0.5480769230769231,-0.6538461538461539,0.4711538461538461,-0.7307692307692307,-0.4519230769230769,1.0000000000000000,-0.3173076923076923,0.7692307692307693,-0.1057692307692308,0.5961538461538461,0.1250000000000000,0.5192307692307693,0.3173076923076923,0.4807692307692308,-0.3365384615384616,0.3076923076923077,-0.3557692307692308,0.0192307692307692,-0.3557692307692308,-0.2115384615384615,-0.3750000000000000,-0.3846153846153846,-0.3173076923076923,0.3461538461538461,0.0673076923076923,0.2307692307692308,0.1442307692307692,0.3653846153846154,0.0673076923076923,0.4615384615384616,-0.2596153846153846,0.4615384615384616,0.1826923076923077,0.4615384615384616,0.1826923076923077,0.5961538461538461,0.0673076923076923,0.6538461538461539,-0.1442307692307692,0.6153846153846154,0.1826923076923077,0.6538461538461539,0.1634615384615385,0.7884615384615384,0.0480769230769231,0.8461538461538461
K,0.7500000000000000,-0.8541666666666666,0.5416666666666666,-0.6041666666666666,0.3958333333333333,-0.3333333333333333,0.4375000000000000,-0.0625000000000000,0.5416666666666666,0.1041666666666667,0.0416666666666667,-0.3958333333333333,-0.1458333333333333,-0.0833333333333333,-0.0625000000000000,0.1041666666666667,0.0625000000000000,0.1875000000000000,0.1458333333333333,-0.5416666666666666,0.3125000000000000,-0.0625000000000000,0.5000000000000000,-0.0833333333333333,0.5416666666666666,-0.1875000000000000,0.3750000000000000,-0.6458333333333334,0.5625000000000000,-0.1666666666666667,0.6875000000000000,-0.2291666666666667,0.6458333333333334,-0.3750000000000000,0.5833333333333334,-0.7083333333333334,0.7291666666666666,-0.2916666666666667,0.7916666666666666,-0.3541666666666667,0.7500000000000000,-0.4583333333333333,-0.7500000000000000,0.8541666666666666,-0.5833333333333334,0.6875000000000000,-0.3125000000000000,0.6041666666666666,-0.0416666666666667,0.6250000000000000,0.1875000000000000,0.6666666666666666,-0.3958333333333333,0.3750000000000000,-0.3125000000000000,0.0625000000000000,-0.2500000000000000,-0.1041666666666667,-0.2291666666666667,-0.2708333333333333,-0.3750000000000000,0.3958333333333333,0.0416666666666667,0.4375000000000000,0.0416666666666667,0.6250000000000000,-0.0625000000000000,0.6875000000000000,-0.3541666666666667,0.5416666666666666,0.1041666666666667,0.6041666666666666,0.0416666666666667,0.7916666666666666,-0.1041666666666667,0.8541666666666666,-0.3125000000000000,0.7083333333333334,0.0000000000000000,0.8333333333333334,-0.0625000000000000,0.9583333333333334,-0.1875000000000000,1.0000000000000000
K,0.4107142857142857,1.0000000000000000,0.1964285714285714,0.7857142857142857,0.0535714285714286,0.5714285714285714,-0.0178571428571429,0.4642857142857143,-0.1250000000000000,0.3928571428571428,0.3750000000000000,0.2500000000000000,0.3750000000000000,0.0000000000000000,0.3750000000000000,-0.2142857142857143,0.3750000000000000,-0.3571428571428572,0.4821428571428572,0.3214285714285715,0.0892857142857143,0.2857142857142857,-0.0178571428571429,0.4285714285714285,0.0535714285714286,0.5357142857142857,0.4821428571428572,0.4642857142857143,0.1250000000000000,0.4285714285714285,0.0535714285714286,0.5357142857142857,0.0892857142857143,0.6071428571428571,0.4464285714285715,0.6071428571428571,0.1607142857142857,0.5714285714285714,0.0892857142857143,0.6428571428571429,0.0892857142857143,0.7142857142857143,-0.4107142857142857,-1.0000000000000000,-0.1964285714285714,-0.8928571428571429,-0.0892857142857143,-0.6428571428571429,-0.0892857142857143,-0.4285714285714285,-0.1964285714285714,-0.2857142857142857,0.0535714285714286,-0.6428571428571429,0.1607142857142857,-0.4285714285714285,0.1964285714285714,-0.2500000000000000,0.2321428571428572,-0.1428571428571428,-0.0892857142857143,-0.6071428571428571,-0.1607142857142857,-0.3214285714285715,-0.2321428571428572,-0.3571428571428572,-0.2321428571428572,-0.4285714285714285,-0.2321428571428572,-0.6071428571428571,-0.3392857142857143,-0.3214285714285715,-0.3750000000000000,-0.3928571428571428,-0.3750000000000000,-0.5000000000000000,-0.4107142857142857,-0.6428571428571429,-0.4821428571428572,-0.3928571428571428,-0.5178571428571429,-0.4642857142857143,-0.4821428571428572,-0.5714285714285714
K,0.8695652173913043,1.0000000000000000,0.5217391304347826,0.8695652173913043,0.3478260869565217,0.6956521739130435,0.1304347826086956,0.6086956521739131,0.0000000000000000,0.6086956521739131,0.5217391304347826,0.2608695652173913,0.4347826086956522,0.0434782608695652,0.3913043478260870,-0.1304347826086956,0.3043478260869565,-0.2608695652173913,0.6086956521739131,0.3478260869565217,0.1739130434782609,0.4347826086956522,0.2173913043478261,0.5652173913043478,0.3043478260869565,0.6521739130434783,0.6521739130434783,0.4782608695652174,0.2173913043478261,0.6086956521739131,0.2608695652173913,0.7391304347826086,0.3913043478260870,0.7391304347826086,0.6521739130434783,0.6956521739130435,0.3478260869565217,0.7391304347826086,0.3478260869565217,0.8695652173913043,0.4782608695652174,0.8695652173913043,-0.8695652173913043,-1.0000000000000000,-0.5652173913043478,-0.9130434782608695,-0.3043478260869565,-0.6521739130434783,-0.1739130434782609,-0.3913043478260870,-0.1304347826086956,-0.1739130434782609,-0.1304347826086956,-0.5652173913043478,0.0434782608695652,-0.2173913043478261,0.0434782608695652,-0.0434782608695652,0.0000000000000000,0.0000000000000000,-0.3043478260869565,-0.4782608695652174,-0.3478260869565217,-0.0869565217391304,-0.4347826086956522,-0.1304347826086956,-0.4782608695652174,-0.2608695652173913,-0.4782608695652174,-0.4347826086956522,-0.5652173913043478,-0.0869565217391304,-0.6521739130434783,-0.1304347826086956,-0.6521739130434783,-0.2608695652173913,-0.6956521739130435,-0.4347826086956522,-0.7391304347826086,-0.1304347826086956,-0.8260869565217391,-0.1739130434782609,-0.8260869565217391,-0.3043478260869565
K,0.8695652173913043,1.0000000000000000,0.4782608695652174,0.8260869565217391,0.2173913043478261,0.6521739130434783,0.0434782608695652,0.5217391304347826,-0.0869565217391304,0.4782608695652174,0.4782608695652174,0.1304347826086956,0.3913043478260870,-0.1739130434782609,0.3043478260869565,-0.4347826086956522,0.2608695652173913,-0.6521739130434783,0.6086956521739131,0.1739130434782609,0.1739130434782609,0.2608695652173913,0.1304347826086956,0.4782608695652174,0.2608695652173913,0.5652173913043478,0.6956521739130435,0.3478260869565217,0.2173913043478261,0.4347826086956522,0.2173913043478261,0.5652173913043478,0.3478260869565217,0.6086956521739131,0.6956521739130435,0.5217391304347826,0.3478260869565217,0.6086956521739131,0.3043478260869565,0.6956521739130435,0.3913043478260870,0.7391304347826086,-0.8695652173913043,-1.0000000000000000,-0.5652173913043478,-0.9565217391304348,-0.3043478260869565,-0.7391304347826086,-0.1739130434782609,-0.5217391304347826,-0.1304347826086956,-0.3043478260869565,-0.1304347826086956,-0.6956521739130435,0.0434782608695652,-0.4347826086956522,0.0434782608695652,-0.3043478260869565,0.0434782608695652,-0.2608695652173913,-0.3043478260869565,-0.6521739130434783,-0.3043478260869565,-0.2173913043478261,-0.3913043478260870,-0.2173913043478261,-0.4347826086956522,-0.3478260869565217,-0.4782608695652174,-0.6086956521739131,-0.5217391304347826,-0.2173913043478261,-0.6086956521739131,-0.2608695652173913,-0.6086956521739131,-0.3913043478260870,-0.6956521739130435,-0.5652173913043478,-0.7391304347826086,-0.2173913043478261,-0.7826086956521739,-0.3043478260869565,-0.7826086956521739,-0.4347826086956522
K,0.4107142857142857,1.0000000000000000,0.1964285714285714,0.7857142857142857,0.1250000000000000,0.5714285714285714,0.0535714285714286,0.4285714285714285,-0.0178571428571429,0.3214285714285715,0.3750000000000000,0.2857142857142857,0.3750000000000000,-0.0357142857142857,0.4107142857142857,-0.2500000000000000,0.4464285714285715,-0.4642857142857143,0.4464285714285715,0.3571428571428572,0.0892857142857143,0.2857142857142857,0.0178571428571429,0.3928571428571428,0.0178571428571429,0.5000000000000000,0.4464285714285715,0.5000000000000000,0.0892857142857143,0.4285714285714285,0.0535714285714286,0.5357142857142857,0.0892857142857143,0.6071428571428571,0.4107142857142857,0.6428571428571429,0.1250000000000000,0.5714285714285714,0.0892857142857143,0.6428571428571429,0.1250000000000000,0.6785714285714286,-0.4107142857142857,-1.0000000000000000,-0.1964285714285714,-0.8928571428571429,-0.0535714285714286,-0.6428571428571429,-0.0178571428571429,-0.4285714285714285,-0.0892857142857143,-0.2500000000000000,0.0535714285714286,-0.6071428571428571,0.1250000000000000,-0.4285714285714285,0.1607142857142857,-0.2857142857142857,0.1964285714285714,-0.1785714285714286,-0.0535714285714286,-0.6071428571428571,-0.1607142857142857,-0.2500000000000000,-0.2678571428571428,-0.2857142857142857,-0.2678571428571428,-0.3928571428571428,-0.1964285714285714,-0.6071428571428571,-0.3392857142857143,-0.2857142857142857,-0.4107142857142857,-0.3571428571428572,-0.3750000000000000,-0.4642857142857143,-0.3392857142857143,-0.6428571428571429,-0.4821428571428572,-0.3571428571428572,-0.5178571428571429,-0.4642857142857143,-0.4821428571428572,-0.5714285714285714
K,0.4385964912280702,1.0000000000000000,0.2280701754385965,0.8245614035087719,0.1929824561403509,0.5789473684210527,0.1578947368421053,0.4385964912280702,0.0877192982456140,0.3684210526315789,0.3333333333333333,0.2982456140350877,0.3333333333333333,0.0877192982456140,0.3333333333333333,-0.0877192982456140,0.3684210526315789,-0.2280701754385965,0.4035087719298245,0.3684210526315789,0.0877192982456140,0.3333333333333333,-0.0175438596491228,0.4385964912280702,-0.0526315789473684,0.5087719298245614,0.3684210526315789,0.5087719298245614,0.0877192982456140,0.4736842105263158,-0.0175438596491228,0.5438596491228070,-0.0175438596491228,0.6140350877192983,0.3684210526315789,0.6491228070175439,0.1228070175438596,0.6140350877192983,0.0175438596491228,0.6491228070175439,-0.0175438596491228,0.6842105263157895,-0.4385964912280702,-1.0000000000000000,-0.2280701754385965,-0.8947368421052632,-0.0877192982456140,-0.6842105263157895,-0.0877192982456140,-0.4736842105263158,-0.1228070175438596,-0.2982456140350877,-0.0175438596491228,-0.6140350877192983,0.0877192982456140,-0.4035087719298245,0.1228070175438596,-0.2631578947368421,0.1228070175438596,-0.1578947368421053,-0.1228070175438596,-0.5789473684210527,-0.1578947368421053,-0.2631578947368421,-0.2631578947368421,-0.2631578947368421,-0.2982456140350877,-0.3684210526315789,-0.2631578947368421,-0.5789473684210527,-0.3333333333333333,-0.2982456140350877,-0.3684210526315789,-0.3333333333333333,-0.4035087719298245,-0.4385964912280702,-0.4035087719298245,-0.5789473684210527,-0.4385964912280702,-0.3684210526315789,-0.5087719298245614,-0.4035087719298245,-0.5087719298245614,-0.4736842105263158
K,1.0000000000000000,0.6981132075471698,0.7735849056603774,0.5471698113207547,0.5849056603773585,0.3584905660377358,0.4339622641509434,0.2830188679245283,0.3207547169811321,0.2075471698113208,0.7735849056603774,-0.0566037735849057,0.5471698113207547,-0.2452830188679245,0.5094339622641509,-0.3962264150943396,0.4716981132075472,-0.5471698113207547,0.8867924528301887,0.0188679245283019,0.4339622641509434,0.1320754716981132,0.3584905660377358,0.3207547169811321,0.3962264150943396,0.4339622641509434,0.9622641509433962,0.1698113207547170,0.5094339622641509,0.2830188679245283,0.5094339622641509,0.4339622641509434,0.5849056603773585,0.5094339622641509,1.0000000000000000,0.3962264150943396,0.6603773584905660,0.4339622641509434,0.6226415094339622,0.5471698113207547,0.7358490566037735,0.5849056603773585,-1.0000000000000000,-0.6981132075471698,-0.6603773584905660,-0.8113207547169812,-0.2830188679245283,-0.6981132075471698,-0.0188679245283019,-0.5471698113207547,0.0943396226415094,-0.3584905660377358,0.0188679245283019,-0.8113207547169812,0.3207547169811321,-0.6981132075471698,0.3962264150943396,-0.5094339622641509,0.3962264150943396,-0.3962264150943396,-0.0566037735849057,-0.7358490566037735,0.0943396226415094,-0.2452830188679245,-0.0943396226415094,-0.1698113207547170,-0.1698113207547170,-0.2075471698113208,-0.2075471698113208,-0.5849056603773585,-0.1320754716981132,-0.1320754716981132,-0.2830188679245283,-0.0943396226415094,-0.3584905660377358,-0.2075471698113208,-0.3584905660377358,-0.4716981132075472,-0.3584905660377358,-0.1320754716981132,-0.4716981132075472,-0.0943396226415094,-0.5471698113207547,-0.1698113207547170
K,1.0000000000000000,0.6909090909090909,0.6727272727272727,0.6181818181818182,0.4909090909090909,0.4363636363636363,0.3454545454545455,0.2909090909090909,0.2363636363636364,0.2181818181818182,0.7090909090909091,-0.0363636363636364,0.5636363636363636,-0.2181818181818182,0.4545454545454545,-0.4000000000000000,0.4181818181818182,-0.5818181818181818,0.8181818181818182,0.0363636363636364,0.4181818181818182,0.1090909090909091,0.3090909090909091,0.2909090909090909,0.3454545454545455,0.4000000000000000,0.8545454545454545,0.1818181818181818,0.4545454545454545,0.2909090909090909,0.4181818181818182,0.4000000000000000,0.4545454545454545,0.5090909090909090,0.8909090909090909,0.3636363636363636,0.6000000000000000,0.4363636363636363,0.5272727272727272,0.5090909090909090,0.5636363636363636,0.5818181818181818,-1.0000000000000000,-0.6909090909090909,-0.7090909090909091,-0.7636363636363637,-0.3454545454545455,-0.6181818181818182,-0.1636363636363636,-0.4000000000000000,-0.0909090909090909,-0.1818181818181818,-0.0909090909090909,-0.8000000000000000,0.2000000000000000,-0.6545454545454545,0.2363636363636364,-0.5090909090909090,0.1636363636363636,-0.4000000000000000,-0.1272727272727273,-0.6909090909090909,-0.0545454545454545,-0.2909090909090909,-0.1636363636363636,-0.2181818181818182,-0.2363636363636364,-0.2909090909090909,-0.2727272727272727,-0.5818181818181818,-0.2000000000000000,-0.1818181818181818,-0.3454545454545455,-0.1818181818181818,-0.3818181818181818,-0.2545454545454545,-0.4181818181818182,-0.4363636363636363,-0.3818181818181818,-0.1454545454545454,-0.4909090909090909,-0.1454545454545454,-0.5636363636363636,-0.1818181818181818
K,1.0000000000000000,0.7241379310344828,0.6551724137931034,0.5517241379310345,0.4827586206896552,0.3793103448275862,0.3103448275862069,0.2758620689655172,0.1379310344827586,0.2758620689655172,0.6896551724137931,-0.1034482758620690,0.5517241379310345,-0.4137931034482759,0.4827586206896552,-0.6206896551724138,0.4137931034482759,-0.7931034482758621,0.7931034482758621,-0.0689655172413793,0.3793103448275862,0.0000000000000000,0.2758620689655172,0.2068965517241379,0.3103448275862069,0.3103448275862069,0.8620689655172413,0.1034482758620690,0.4137931034482759,0.2068965517241379,0.4137931034482759,0.3448275862068966,0.4827586206896552,0.4482758620689655,0.8965517241379310,0.2758620689655172,0.5517241379310345,0.3448275862068966,0.5172413793103449,0.4482758620689655,0.5862068965517241,0.5172413793103449,-1.0000000000000000,-0.7241379310344828,-0.6551724137931034,-0.7931034482758621,-0.2413793103448276,-0.7241379310344828,0.0000000000000000,-0.5862068965517241,0.1034482758620690,-0.4137931034482759,0.0344827586206897,-0.7931034482758621,0.3448275862068966,-0.5862068965517241,0.4482758620689655,-0.3793103448275862,0.4827586206896552,-0.2413793103448276,-0.0689655172413793,-0.7241379310344828,0.0689655172413793,-0.2068965517241379,-0.1034482758620690,-0.1724137931034483,-0.1724137931034483,-0.2758620689655172,-0.1724137931034483,-0.5862068965517241,-0.1034482758620690,-0.1724137931034483,-0.2413793103448276,-0.1724137931034483,-0.3103448275862069,-0.2413793103448276,-0.3448275862068966,-0.5172413793103449,-0.3103448275862069,-0.1724137931034483,-0.4137931034482759,-0.1724137931034483,-0.4827586206896552,-0.2413793103448276
K,1.0000000000000000,0.8039215686274510,0.8039215686274510,0.6862745098039216,0.6470588235294118,0.4117647058823529,0.5686274509803921,0.2549019607843137,0.4901960784313725,0.1372549019607843,0.7647058823529411,0.0980392156862745,0.5686274509803921,-0.0588235294117647,0.4509803921568628,-0.2156862745098039,0.4509803921568628,-0.2549019607843137,0.8431372549019608,0.1764705882352941,0.4509803921568628,0.2156862745098039,0.2941176470588235,0.3333333333333333,0.2549019607843137,0.4509803921568628,0.8823529411764706,0.3725490196078431,0.4901960784313725,0.4117647058823529,0.4117647058823529,0.5294117647058824,0.4509803921568628,0.5686274509803921,0.8823529411764706,0.5686274509803921,0.5686274509803921,0.6078431372549019,0.4901960784313725,0.6470588235294118,0.5686274509803921,0.6862745098039216,-1.0000000000000000,-0.8039215686274510,-0.6862745098039216,-0.8039215686274510,-0.3333333333333333,-0.6470588235294118,-0.1764705882352941,-0.4117647058823529,-0.0980392156862745,-0.2156862745098039,-0.0588235294117647,-0.7647058823529411,0.2549019607843137,-0.6470588235294118,0.2549019607843137,-0.4509803921568628,0.2156862745098039,-0.3333333333333333,-0.1372549019607843,-0.6862745098039216,-0.0588235294117647,-0.2156862745098039,-0.2156862745098039,-0.1764705882352941,-0.2549019607843137,-0.2549019607843137,-0.2941176470588235,-0.5686274509803921,-0.2549019607843137,-0.1372549019607843,-0.3725490196078431,-0.1372549019607843,-0.4117647058823529,-0.2549019607843137,-0.4901960784313725,-0.4901960784313725,-0.4509803921568628,-0.1372549019607843,-0.5686274509803921,-0.1764705882352941,-0.6078431372549019,-0.2549019607843137
K,0.9818181818181818,1.0000000000000000,0.6545454545454545,0.8545454545454545,0.4000000000000000,0.6727272727272727,0.2181818181818182,0.6363636363636364,0.1090909090909091,0.6727272727272727,0.5818181818181818,0.2000000000000000,0.5090909090909090,-0.0909090909090909,0.4727272727272727,-0.3818181818181818,0.4727272727272727,-0.5636363636363636,0.7272727272727273,0.3090909090909091,0.2545454545454545,0.4545454545454545,0.2181818181818182,0.6727272727272727,0.2909090909090909,0.7818181818181819,0.8363636363636363,0.4909090909090909,0.3636363636363636,0.6727272727272727,0.3636363636363636,0.8181818181818182,0.5090909090909090,0.8545454545454545,0.9090909090909091,0.7090909090909091,0.5090909090909090,0.8181818181818182,0.5454545454545454,0.9272727272727272,0.6545454545454545,0.9272727272727272,-0.9818181818181818,-1.0000000000000000,-0.7636363636363637,-0.7090909090909091,-0.5454545454545454,-0.4181818181818182,-0.4727272727272727,-0.1636363636363636,-0.4000000000000000,-0.0181818181818182,-0.0363636363636364,-0.7090909090909091,0.1454545454545454,-0.3818181818181818,0.0727272727272727,-0.1272727272727273,-0.1090909090909091,-0.0181818181818182,-0.1454545454545454,-0.7454545454545455,-0.2181818181818182,-0.1636363636363636,-0.3636363636363636,-0.2000000000000000,-0.4000000000000000,-0.3454545454545455,-0.3272727272727273,-0.7818181818181819,-0.4363636363636363,-0.2363636363636364,-0.5454545454545454,-0.2727272727272727,-0.5454545454545454,-0.4181818181818182,-0.5454545454545454,-0.7454545454545455,-0.6181818181818182,-0.3454545454545455,-0.7272727272727273,-0.4181818181818182,-0.7272727272727273,-0.5636363636363636
K,0.9019607843137255,1.0000000000000000,0.7058823529411765,0.8039215686274510,0.5098039215686274,0.6078431372549019,0.3137254901960784,0.5294117647058824,0.1176470588235294,0.4509803921568628,0.5882352941176471,0.2549019607843137,0.4313725490196079,-0.0196078431372549,0.3529411764705883,-0.2549019607843137,0.2745098039215687,-0.4901960784313725,0.7058823529411765,0.3333333333333333,0.1960784313725490,0.4509803921568628,0.1568627450980392,0.6470588235294118,0.1568627450980392,0.7254901960784313,0.7843137254901961,0.5686274509803921,0.2745098039215687,0.7254901960784313,0.2745098039215687,0.8431372549019608,0.3921568627450980,0.8823529411764706,0.8235294117647058,0.8039215686274510,0.3921568627450980,0.9215686274509803,0.4313725490196079,1.0000000000000000,0.5098039215686274,1.0000000000000000,-0.9019607843137255,-1.0000000000000000,-0.7058823529411765,-0.8431372549019608,-0.5490196078431373,-0.5294117647058824,-0.5098039215686274,-0.2156862745098039,-0.5098039215686274,-0.0196078431372549,-0.1568627450980392,-0.7254901960784313,0.0392156862745098,-0.4509803921568628,0.0000000000000000,-0.2549019607843137,-0.0784313725490196,-0.0980392156862745,-0.2745098039215687,-0.7647058823529411,-0.3529411764705883,-0.1764705882352941,-0.4705882352941176,-0.2156862745098039,-0.4705882352941176,-0.3725490196078431,-0.4705882352941176,-0.8039215686274510,-0.5882352941176471,-0.2156862745098039,-0.7058823529411765,-0.2941176470588235,-0.6666666666666666,-0.4509803921568628,-0.7058823529411765,-0.8039215686274510,-0.7843137254901961,-0.3333333333333333,-0.8627450980392157,-0.4117647058823529,-0.8235294117647058,-0.5686274509803921
K,1.0000000000000000,-0.3333333333333333,0.7666666666666667,-0.1666666666666667,0.5666666666666667,-0.1000000000000000,0.4666666666666667,-0.0333333333333333,0.4333333333333333,0.0666666666666667,0.3333333333333333,-0.3333333333333333,0.0666666666666667,-0.2333333333333333,-0.1000000000000000,-0.2333333333333333,-0.2666666666666667,-0.2000000000000000,0.4000000000000000,-0.3666666666666666,0.3333333333333333,-0.0666666666666667,0.4000000000000000,0.0333333333333333,0.4666666666666667,0.0333333333333333,0.5000000000000000,-0.3666666666666666,0.5000000000000000,-0.0666666666666667,0.6000000000000000,-0.0666666666666667,0.6333333333333333,-0.1000000000000000,0.6333333333333333,-0.3000000000000000,0.6000000000000000,-0.1000000000000000,0.6666666666666666,-0.0666666666666667,0.7333333333333333,-0.1000000000000000,-1.0000000000000000,0.3333333333333333,-0.8000000000000000,0.2000000000000000,-0.5666666666666667,0.1666666666666667,-0.4000000000000000,0.2666666666666667,-0.3000000000000000,0.3666666666666666,-0.3666666666666666,0.0333333333333333,-0.1333333333333333,0.0333333333333333,0.0000000000000000,0.0666666666666667,0.1000000000000000,0.0666666666666667,-0.3666666666666666,0.1333333333333333,-0.2000000000000000,0.3666666666666666,-0.2666666666666667,0.4000000000000000,-0.3333333333333333,0.3666666666666666,-0.4333333333333333,0.2666666666666667,-0.2666666666666667,0.4666666666666667,-0.3666666666666666,0.5000000000000000,-0.4000000000000000,0.4333333333333333,-0.5000000000000000,0.3666666666666666,-0.4000000000000000,0.5666666666666667,-0.4666666666666667,0.5666666666666667,-0.5333333333333333,0.5000000000000000
K,0.6913580246913580,1.0000000000000000,0.3456790123456790,0.8024691358024691,0.2222222222222222,0.5555555555555556,0.0987654320987654,0.4074074074074074,-0.0493827160493827,0.3333333333333333,0.4691358024691358,0.2098765432098765,0.3703703703703703,-0.0617283950617284,0.3950617283950617,-0.2839506172839506,0.4444444444444444,-0.4567901234567901,0.5432098765432098,0.2839506172839506,0.0493827160493827,0.2345679012345679,-0.0493827160493827,0.3827160493827160,0.0246913580246914,0.4567901234567901,0.5432098765432098,0.4074074074074074,0.0493827160493827,0.3827160493827160,0.0000000000000000,0.5061728395061729,0.0740740740740741,0.5802469135802469,0.5185185185185185,0.5802469135802469,0.1481481481481481,0.5061728395061729,0.0987654320987654,0.6049382716049383,0.1234567901234568,0.6790123456790124,-0.6913580246913580,-1.0000000000000000,-0.4691358024691358,-0.9012345679012346,-0.3456790123456790,-0.6543209876543210,-0.3703703703703703,-0.4567901234567901,-0.4691358024691358,-0.3086419753086420,-0.2469135802469136,-0.5802469135802469,-0.4197530864197531,-0.2839506172839506,-0.4691358024691358,-0.3086419753086420,-0.4197530864197531,-0.4074074074074074,-0.3950617283950617,-0.6049382716049383,-0.5925925925925926,-0.3333333333333333,-0.6172839506172839,-0.3827160493827160,-0.5679012345679012,-0.5061728395061729,-0.5432098765432098,-0.6543209876543210,-0.7407407407407407,-0.3827160493827160,-0.7407407407407407,-0.4567901234567901,-0.6913580246913580,-0.5802469135802469,-0.7160493827160493,-0.7037037037037037,-0.8395061728395061,-0.4814814814814815,-0.8395061728395061,-0.5555555555555556,-0.8148148148148148,-0.6543209876543210
K,1.0000000000000000,0.7391304347826086,0.6739130434782609,0.6521739130434783,0.4565217391304348,0.5000000000000000,0.2826086956521739,0.3913043478260870,0.1956521739130435,0.3478260869565217,0.7173913043478261,-0.0652173913043478,0.5869565217391305,-0.3695652173913043,0.5217391304347826,-0.6304347826086957,0.4782608695652174,-0.8043478260869565,0.8478260869565217,0.0000000000000000,0.3913043478260870,0.0652173913043478,0.2826086956521739,0.3260869565217391,0.3695652173913043,0.4347826086956522,0.9347826086956522,0.1521739130434783,0.4782608695652174,0.3043478260869565,0.4565217391304348,0.4782608695652174,0.5652173913043478,0.5434782608695652,0.9782608695652174,0.3478260869565217,0.6086956521739131,0.4782608695652174,0.5869565217391305,0.5869565217391305,0.6739130434782609,0.6086956521739131,-1.0000000000000000,-0.7391304347826086,-0.6521739130434783,-0.8260869565217391,-0.2826086956521739,-0.6739130434782609,-0.0652173913043478,-0.3913043478260870,0.0217391304347826,-0.1521739130434783,0.0217391304347826,-0.8913043478260869,0.3043478260869565,-0.6521739130434783,0.2391304347826087,-0.4782608695652174,0.1304347826086956,-0.4130434782608696,-0.0434782608695652,-0.7826086956521739,0.0652173913043478,-0.2826086956521739,-0.1086956521739130,-0.2391304347826087,-0.1956521739130435,-0.3260869565217391,-0.1739130434782609,-0.6304347826086957,-0.1304347826086956,-0.1739130434782609,-0.2826086956521739,-0.1739130434782609,-0.3695652173913043,-0.2608695652173913,-0.3260869565217391,-0.5000000000000000,-0.3043478260869565,-0.1304347826086956,-0.4347826086956522,-0.1086956521739130,-0.5000000000000000,-0.1521739130434783
K,1.0000000000000000,0.5918367346938775,0.7142857142857143,0.5510204081632653,0.5102040816326531,0.4285714285714285,0.3469387755102041,0.3673469387755102,0.2040816326530612,0.3469387755102041,0.6734693877551020,-0.0612244897959184,0.5510204081632653,-0.3061224489795918,0.4489795918367347,-0.5306122448979592,0.3877551020408163,-0.7142857142857143,0.7755102040816326,-0.0204081632653061,0.3877551020408163,0.0816326530612245,0.3061224489795918,0.2857142857142857,0.3673469387755102,0.4081632653061225,0.8571428571428571,0.1224489795918367,0.4693877551020408,0.2653061224489796,0.4285714285714285,0.4285714285714285,0.5102040816326531,0.4693877551020408,0.9183673469387755,0.3061224489795918,0.6122448979591837,0.4285714285714285,0.5714285714285714,0.5306122448979592,0.6326530612244898,0.5714285714285714,-1.0000000000000000,-0.5918367346938775,-0.6734693877551020,-0.6734693877551020,-0.3265306122448979,-0.5714285714285714,-0.0816326530612245,-0.3469387755102041,0.0204081632653061,-0.1020408163265306,-0.0612244897959184,-0.7755102040816326,0.1836734693877551,-0.5102040816326531,0.1224489795918367,-0.3673469387755102,0.0000000000000000,-0.3061224489795918,-0.1224489795918367,-0.6530612244897959,0.0000000000000000,-0.2040816326530612,-0.1428571428571428,-0.1632653061224490,-0.2448979591836735,-0.2448979591836735,-0.2448979591836735,-0.5306122448979592,-0.1632653061224490,-0.1020408163265306,-0.3061224489795918,-0.0816326530612245,-0.3877551020408163,-0.1632653061224490,-0.3673469387755102,-0.3877551020408163,-0.3265306122448979,-0.0612244897959184,-0.4489795918367347,-0.0408163265306122,-0.5102040816326531,-0.0816326530612245
K,0.8800000000000000,0.8400000000000000,0.5200000000000000,0.6800000000000000,0.3600000000000000,0.4800000000000000,0.2400000000000000,0.3600000000000000,0.1600000000000000,0.3600000000000000,0.5200000000000000,-0.0400000000000000,0.4400000000000000,-0.3200000000000000,0.3600000000000000,-0.5200000000000000,0.2800000000000000,-0.6800000000000000,0.6400000000000000,0.0400000000000000,0.3200000000000000,0.1200000000000000,0.2400000000000000,0.2800000000000000,0.2800000000000000,0.4000000000000000,0.6800000000000000,0.2000000000000000,0.3600000000000000,0.3200000000000000,0.3200000000000000,0.4400000000000000,0.4000000000000000,0.5200000000000000,0.7200000000000000,0.4000000000000000,0.4400000000000000,0.5200000000000000,0.4400000000000000,0.6000000000000000,0.5200000000000000,0.6400000000000000,-0.8800000000000000,-0.8400000000000000,-0.6400000000000000,-1.0000000000000000,-0.3600000000000000,-0.9600000000000000,-0.1600000000000000,-0.8800000000000000,-0.0400000000000000,-0.7200000000000000,-0.1200000000000000,-0.8800000000000000,0.0000000000000000,-0.6400000000000000,0.0000000000000000,-0.5200000000000000,0.0000000000000000,-0.4000000000000000,-0.1600000000000000,-0.7200000000000000,-0.0400000000000000,-0.4800000000000000,-0.0400000000000000,-0.3200000000000000,-0.0800000000000000,-0.2000000000000000,-0.2400000000000000,-0.6000000000000000,-0.1600000000000000,-0.3200000000000000,-0.1600000000000000,-0.2000000000000000,-0.1600000000000000,-0.1200000000000000,-0.3600000000000000,-0.4400000000000000,-0.2800000000000000,-0.2400000000000000,-0.2800000000000000,-0.1600000000000000,-0.3200000000000000,-0.1200000000000000
K,0.3548387096774194,1.0000000000000000,0.1612903225806452,0.7741935483870968,0.0645161290322581,0.5806451612903226,-0.0322580645161290,0.4838709677419355,-0.0645161290322581,0.4516129032258064,0.2580645161290323,0.2580645161290323,0.2580645161290323,0.0322580645161290,0.2580645161290323,-0.1290322580645161,0.2580645161290323,-0.2580645161290323,0.3548387096774194,0.3225806451612903,0.0322580645161290,0.3225806451612903,0.0000000000000000,0.4516129032258064,0.0322580645161290,0.5161290322580645,0.3548387096774194,0.4516129032258064,0.0645161290322581,0.5161290322580645,0.0322580645161290,0.6129032258064516,0.0967741935483871,0.6451612903225806,0.3548387096774194,0.6129032258064516,0.0967741935483871,0.6774193548387096,0.0967741935483871,0.7419354838709677,0.1612903225806452,0.7741935483870968,-0.3548387096774194,-1.0000000000000000,-0.2258064516129032,-0.8709677419354839,-0.0967741935483871,-0.6451612903225806,-0.0645161290322581,-0.4516129032258064,-0.0645161290322581,-0.2903225806451613,0.0322580645161290,-0.6774193548387096,0.0645161290322581,-0.3870967741935484,0.0322580645161290,-0.2580645161290323,-0.0322580645161290,-0.1935483870967742,0.0000000000000000,-0.6774193548387096,0.0322580645161290,-0.3870967741935484,-0.0322580645161290,-0.2580645161290323,-0.0645161290322581,-0.1935483870967742,-0.0645161290322581,-0.6774193548387096,-0.0322580645161290,-0.3870967741935484,-0.0967741935483871,-0.2580645161290323,-0.1290322580645161,-0.1935483870967742,-0.1612903225806452,-0.6774193548387096,-0.1290322580645161,-0.4193548387096774,-0.1612903225806452,-0.3225806451612903,-0.1935483870967742,-0.2580645161290323
K,1.0000000000000000,-0.5084745762711864,0.6610169491525424,-0.4067796610169492,0.4237288135593220,-0.3728813559322034,0.2542372881355932,-0.3389830508474576,0.1186440677966102,-0.3389830508474576,0.3220338983050847,-0.8135593220338984,0.0508474576271186,-0.6101694915254238,-0.1186440677966102,-0.5084745762711864,-0.2203389830508475,-0.4406779661016949,0.4237288135593220,-0.8813559322033898,0.2203389830508475,-0.4745762711864407,0.2203389830508475,-0.2033898305084746,0.2542372881355932,0.0000000000000000,0.5593220338983050,-0.8813559322033898,0.3559322033898305,-0.4745762711864407,0.3220338983050847,-0.2033898305084746,0.3559322033898305,-0.0338983050847458,0.7288135593220338,-0.8135593220338984,0.5254237288135594,-0.5084745762711864,0.4576271186440678,-0.3050847457627119,0.4915254237288136,-0.1694915254237288,-1.0000000000000000,0.5084745762711864,-0.8644067796610170,0.2372881355932203,-0.5932203389830508,0.0677966101694915,-0.3220338983050847,0.0000000000000000,-0.1525423728813559,0.0338983050847458,-0.3898305084745763,-0.0677966101694915,-0.1186440677966102,-0.1355932203389831,-0.0169491525423729,-0.0677966101694915,0.0169491525423729,0.0338983050847458,-0.3559322033898305,0.1016949152542373,-0.1525423728813559,0.3728813559322034,-0.2203389830508475,0.4745762711864407,-0.3220338983050847,0.4067796610169492,-0.3898305084745763,0.3050847457627119,-0.2203389830508475,0.6101694915254238,-0.3220338983050847,0.6440677966101694,-0.3898305084745763,0.5762711864406780,-0.4576271186440678,0.5084745762711864,-0.3220338983050847,0.7457627118644068,-0.4237288135593220,0.7796610169491526,-0.4915254237288136,0.7118644067796610
K,0.6296296296296297,1.0000000000000000,0.3333333333333333,0.8148148148148148,0.1481481481481481,0.5925925925925926,0.0000000000000000,0.4814814814814815,-0.1481481481481481,0.4444444444444444,0.4074074074074074,0.2222222222222222,0.3333333333333333,-0.1111111111111111,0.3333333333333333,-0.3333333333333333,0.2962962962962963,-0.5185185185185185,0.4814814814814815,0.2592592592592592,0.0740740740740741,0.3333333333333333,0.0000000000000000,0.4814814814814815,0.0740740740740741,0.5555555555555556,0.4814814814814815,0.4074074074074074,0.1111111111111111,0.4814814814814815,0.0740740740740741,0.5925925925925926,0.1851851851851852,0.6296296296296297,0.4814814814814815,0.5925925925925926,0.1851851851851852,0.5925925925925926,0.1481481481481481,0.7037037037037037,0.1851851851851852,0.7407407407407407,-0.6296296296296297,-1.0000000000000000,-0.4074074074074074,-0.8888888888888888,-0.2222222222222222,-0.6296296296296297,-0.2222222222222222,-0.4074074074074074,-0.2592592592592592,-0.2222222222222222,-0.0740740740740741,-0.5925925925925926,0.0740740740740741,-0.4074074074074074,0.1111111111111111,-0.2592592592592592,0.1111111111111111,-0.1851851851851852,-0.1851851851851852,-0.5555555555555556,-0.2962962962962963,-0.1481481481481481,-0.3703703703703703,-0.2222222222222222,-0.4074074074074074,-0.3333333333333333,-0.3703703703703703,-0.5555555555555556,-0.4814814814814815,-0.2222222222222222,-0.5185185185185185,-0.2592592592592592,-0.5185185185185185,-0.3703703703703703,-0.5185185185185185,-0.5555555555555556,-0.5925925925925926,-0.2962962962962963,-0.6296296296296297,-0.3703703703703703,-0.6296296296296297,-0.4444444444444444
L,0.0000000000000000,0.0000000000000000,-0.2150537634408602,-0.0215053763440860,-0.4516129032258064,-0.1290322580645161,-0.6451612903225806,-0.1505376344086022,-0.7956989247311828,-0.1290322580645161,-0.3333333333333333,-0.4838709677419355,-0.3763440860215054,-0.7311827956989247,-0.3978494623655914,-0.8709677419354839,-0.4301075268817204,-1.0000000000000000,-0.1827956989247312,-0.5053763440860215,-0.2365591397849462,-0.5591397849462365,-0.2150537634408602,-0.3655913978494624,-0.1827956989247312,-0.3333333333333333,-0.0430107526881720,-0.4838709677419355,-0.0967741935483871,-0.5483870967741935,-0.0860215053763441,-0.3548387096774194,-0.0537634408602151,-0.3225806451612903,0.1075268817204301,-0.4516129032258064,0.0645161290322581,-0.5376344086021505,0.0322580645161290,-0.3763440860215054,0.0322580645161290,-0.3333333333333333,0.0000000000000000,0.0000000000000000,0.0000000000000000,0.0000000000000000,0.0000000000000000,0.0000000000000000,0.0000000000000000,0.0000000000000000,0.0000000000000000,0.0000000000000000,0.0000000000000000,0.0000000000000000,0.0000000000000000,0.0000000000000000,0.0000000000000000,0.0000000000000000,0.0000000000000000,0.0000000000000000,0.0000000000000000,0.0000000000000000,0.0000000000000000,0.0000000000000000,0.0000000000000000,0.0000000000000000,0.0000000000000000,0.0000000000000000,0.0000000000000000,0.0000000000000000,0.0000000000000000,0.0000000000000000,0.0000000000000000,0.0000000000000000,0.0000000000000000,0.0000000000000000,0.0000000000000000,0.0000000000000000,0.0000000000000000,0.0000000000000000,0.0000000000000000,0.0000000000000000,0.0000000000000000,0.0000000000000000
L,0.0000000000000000,0.0000000000000000,0.1428571428571428,-0.2142857142857143,0.2142857142857143,-0.5000000000000000,0.1428571428571428,-0.7142857142857143,0.0000000000000000,-0.8571428571428571,0.2857142857142857,-0.7142857142857143,0.2142857142857143,-1.0000000000000000,0.0714285714285714,-1.0000000000000000,0.0000000000000000,-0.9285714285714286,0.1428571428571428,-0.7142857142857143,0.0714285714285714,-1.0000000000000000,-0.0714285714285714,-1.0000000000000000,-0.1428571428571428,-0.9285714285714286,0.0000000000000000,-0.7142857142857143,-0.0714285714285714,-0.9285714285714286,-0.1428571428571428,-1.0000000000000000,-0.2142857142857143,-0.9285714285714286,-0.1428571428571428,-0.6428571428571429,-0.2142857142857143,-0.8571428571428571,-0.2857142857142857,-0.9285714285714286,-0.2857142857142857,-0.8571428571428571,0.0000000000000000,0.0000000000000000,0.0000000000000000,0.0000000000000000,0.0000000000000000,0.0000000000000000,0.0000000000000000,0.0000000000000000,0.0000000000000000,0.0000000000000000,0.0000000000000000,0.0000000000000000,0.0000000000000000,0.0000000000000000,0.0000000000000000,0.0000000000000000,0.0000000000000000,0.0000000000000000,0.0000000000000000,0.0000000000000000,0.0000000000000000,0.0000000000000000,0.0000000000000000,0.0000000000000000,0.0000000000000000,0.0000000000000000,0.0000000000000000,0.0000000000000000,0.0000000000000000,0.0000000000000000,0.0000000000000000,0.0000000000000000,0.0000000000000000,0.0000000000000000,0.0000000000000000,0.0000000000000000,0.0000000000000000,0.0000000000000000,0.0000000000000000,0.0000000000000000,0.0000000000000000,0.0000000000000000
L,0.0000000000000000,0.0000000000000000,0.2272727272727273,0.1363636363636364,0.4545454545454545,0.1363636363636364,0.6363636363636364,0.0909090909090909,0.7727272727272727,0.0454545454545455,0.5909090909090909,0.0454545454545455,0.8181818181818182,0.0000000000000000,0.9090909090909091,0.0000000000000000,1.0000000000000000,0.0000000000000000,0.5454545454545454,-0.0454545454545455,0.7727272727272727,-0.0909090909090909,0.9090909090909091,-0.0909090909090909,1.0000000000000000,-0.0454545454545455,0.5454545454545454,-0.1818181818181818,0.7272727272727273,-0.1818181818181818,0.8636363636363636,-0.1818181818181818,0.9545454545454546,-0.1363636363636364,0.5000000000000000,-0.2727272727272727,0.6818181818181818,-0.2727272727272727,0.7727272727272727,-0.2727272727272727,0.8636363636363636,-0.2272727272727273,0.0000000000000000,0.0000000000000000,0.0000000000000000,0.0000000000000000,0.0000000000000000,0.0000000000000000,0.0000000000000000,0.0000000000000000,0.0000000000000000,0.0000000000000000,0.0000000000000000,0.0000000000000000,0.0000000000000000,0.0000000000000000,0.0000000000000000,0.0000000000000000,0.0000000000000000,0.0000000000000000,0.0000000000000000,0.0000000000000000,0.0000000000000000,0.0000000000000000,0.0000000000000000,0.0000000000000000,0.0000000000000000,0.0000000000000000,0.0000000000000000,0.0000000000000000,0.0000000000000000,0.0000000000000000,0.0000000000000000,0.0000000000000000,0.0000000000000000,0.0000000000000000,0.0000000000000000,0.0000000000000000,0.0000000000000000,0.0000000000000000,0.0000000000000000,0.0000000000000000,0.0000000000000000,0.0000000000000000
L,0.0000000000000000,0.0000000000000000,0.0000000000000000,0.0000000000000000,0.0000000000000000,0.0000000000000000,0.0000000000000000,0.0000000000000000,0.0000000000000000,0.0000000000000000,0.0000000000000000,0.0000000000000000,0.0000000000000000,0.0000000000000000,0.0000000000000000,0.0000000000000000,0.0000000000000000,0.0000000000000000,0.0000000000000000,0.0000000000000000,0.0000000000000000,0.0000000000000000,0.0000000000000000,0.0000000000000000,0.0000000000000000,0.0000000000000000,0.0000000000000000,0.0000000000000000,0.0000000000000000,0.0000000000000000,0.0000000000000000,0.0000000000000000,0.0000000000000000,0.0000000000000000,0.0000000000000000,0.0000000000000000,0.0000000000000000,0.0000000000000000,0.0000000000000000,0.0000000000000000,0.0000000000000000,0.0000000000000000,0.0000000000000000,0.0000000000000000,0.1754385964912281,-0.1578947368421053,0.3157894736842105,-0.3508771929824561,0.4561403508771930,-0.4736842105263158,0.5789473684210527,-0.5438596491228070,0.0877192982456140,-0.5438596491228070,0.0526315789473684,-0.7543859649122807,0.0175438596491228,-0.8947368421052632,0.0000000000000000,-1.0000000000000000,-0.0350877192982456,-0.5263157894736842,0.0701754385964912,-0.5263157894736842,0.1578947368421053,-0.4035087719298245,0.1929824561403509,-0.2807017543859649,-0.1228070175438596,-0.4561403508771930,0.0000000000000000,-0.4210526315789473,0.0701754385964912,-0.2982456140350877,0.1052631578947368,-0.1929824561403509,-0.2105263157894737,-0.3684210526315789,-0.1052631578947368,-0.3508771929824561,-0.0350877192982456,-0.2631578947368421,0.0000000000000000,-0.1929824561403509
L,0.0000000000000000,0.0000000000000000,0.2682926829268293,-0.0731707317073171,0.5609756097560976,-0.2195121951219512,0.8048780487804879,-0.3414634146341464,1.0000000000000000,-0.3902439024390244,0.4146341463414634,-0.1463414634146341,0.3902439024390244,-0.2926829268292683,0.3414634146341464,-0.4146341463414634,0.3170731707317073,-0.4878048780487805,0.2439024390243902,-0.1463414634146341,0.1707317073170732,-0.4390243902439024,0.0487804878048781,-0.5365853658536586,-0.0243902439024390,-0.5365853658536586,0.0731707317073171,-0.1463414634146341,0.0487804878048781,-0.4146341463414634,-0.0731707317073171,-0.4878048780487805,-0.1219512195121951,-0.4878048780487805,-0.0487804878048781,-0.0975609756097561,-0.1219512195121951,-0.3414634146341464,-0.1951219512195122,-0.4146341463414634,-0.2195121951219512,-0.3658536585365854,0.0000000000000000,0.0000000000000000,0.0000000000000000,0.0000000000000000,0.0000000000000000,0.0000000000000000,0.0000000000000000,0.0000000000000000,0.0000000000000000,0.0000000000000000,0.0000000000000000,0.0000000000000000,0.0000000000000000,0.0000000000000000,0.0000000000000000,0.0000000000000000,0.0000000000000000,0.0000000000000000,0.0000000000000000,0.0000000000000000,0.0000000000000000,0.0000000000000000,0.0000000000000000,0.0000000000000000,0.0000000000000000,0.0000000000000000,0.0000000000000000,0.0000000000000000,0.0000000000000000,0.0000000000000000,0.0000000000000000,0.0000000000000000,0.0000000000000000,0.0000000000000000,0.0000000000000000,0.0000000000000000,0.0000000000000000,0.0000000000000000,0.0000000000000000,0.0000000000000000,0.0000000000000000,0.0000000000000000
L,0.0000000000000000,0.0000000000000000,0.0000000000000000,0.0000000000000000,0.0000000000000000,0.0000000000000000,0.0000000000000000,0.0000000000000000,0.0000000000000000,0.0000000000000000,0.0000000000000000,0.0000000000000000,0.0000000000000000,0.0000000000000000,0.0000000000000000,0.0000000000000000,0.0000000000000000,0.0000000000000000,0.0000000000000000,0.0000000000000000,0.0000000000000000,0.0000000000000000,0.0000000000000000,0.0000000000000000,0.0000000000000000,0.0000000000000000,0.0000000000000000,0.0000000000000000,0.0000000000000000,0.0000000000000000,0.0000000000000000,0.0000000000000000,0.0000000000000000,0.0000000000000000,0.0000000000000000,0.0000000000000000,0.0000000000000000,0.0000000000000000,0.0000000000000000,0.0000000000000000,0.0000000000000000,0.0000000000000000,0.0000000000000000,0.0000000000000000,0.2333333333333333,-0.1000000000000000,0.4166666666666667,-0.2166666666666667,0.5833333333333334,-0.2833333333333333,0.7166666666666667,-0.3000000000000000,0.3000000000000000,-0.4500000000000000,0.3333333333333333,-0.7000000000000000,0.3333333333333333,-0.8666666666666667,0.3333333333333333,-1.0000000000000000,0.1833333333333333,-0.4666666666666667,0.2166666666666667,-0.5166666666666667,0.2333333333333333,-0.3666666666666666,0.2333333333333333,-0.2500000000000000,0.0666666666666667,-0.4333333333333333,0.1166666666666667,-0.4333333333333333,0.1666666666666667,-0.2666666666666667,0.1833333333333333,-0.1500000000000000,-0.0333333333333333,-0.3666666666666666,0.0166666666666667,-0.3833333333333334,0.0666666666666667,-0.2833333333333333,0.0833333333333333,-0.1833333333333333
L,0.0000000000000000,0.0000000000000000,0.0000000000000000,0.0000000000000000,0.0000000000000000,0.0000000000000000,0.0000000000000000,0.0000000000000000,0.0000000000000000,0.0000000000000000,0.0000000000000000,0.0000000000000000,0.0000000000000000,0.0000000000000000,0.0000000000000000,0.0000000000000000,0.0000000000000000,0.0000000000000000,0.0000000000000000,0.0000000000000000,0.0000000000000000,0.0000000000000000,0.0000000000000000,0.0000000000000000,0.0000000000000000,0.0000000000000000,0.0000000000000000,0.0000000000000000,0.0000000000000000,0.0000000000000000,0.0000000000000000,0.0000000000000000,0.0000000000000000,0.0000000000000000,0.0000000000000000,0.0000000000000000,0.0000000000000000,0.0000000000000000,0.0000000000000000,0.0000000000000000,0.0000000000000000,0.0000000000000000,0.0000000000000000,0.0000000000000000,0.1379310344827586,-0.0862068965517241,0.2931034482758620,-0.2758620689655172,0.4310344827586207,-0.3793103448275862,0.5862068965517241,-0.4310344827586207,0.1034482758620690,-0.5172413793103449,0.1034482758620690,-0.7241379310344828,0.0862068965517241,-0.8793103448275862,0.0689655172413793,-1.0000000000000000,-0.0172413793103448,-0.5172413793103449,0.0689655172413793,-0.5000000000000000,0.1379310344827586,-0.3620689655172414,0.1551724137931035,-0.2413793103448276,-0.1379310344827586,-0.4482758620689655,0.0000000000000000,-0.3965517241379310,0.0517241379310345,-0.2586206896551724,0.0689655172413793,-0.1551724137931035,-0.2241379310344828,-0.3620689655172414,-0.1034482758620690,-0.3275862068965517,-0.0517241379310345,-0.2241379310344828,-0.0344827586206897,-0.1551724137931035
L,0.0000000000000000,0.0000000000000000,0.0000000000000000,0.0000000000000000,0.0000000000000000,0.0000000000000000,0.0000000000000000,0.0000000000000000,0.0000000000000000,0.0000000000000000,0.0000000000000000,0.0000000000000000,0.0000000000000000,0.0000000000000000,0.0000000000000000,0.0000000000000000,0.0000000000000000,0.0000000000000000,0.0000000000000000,0.0000000000000000,0.0000000000000000,0.0000000000000000,0.0000000000000000,0.0000000000000000,0.0000000000000000,0.0000000000000000,0.0000000000000000,0.0000000000000000,0.0000000000000000,0.0000000000000000,0.0000000000000000,0.0000000000000000,0.0000000000000000,0.0000000000000000,0.0000000000000000,0.0000000000000000,0.0000000000000000,0.0000000000000000,0.0000000000000000,0.0000000000000000,0.0000000000000000,0.0000000000000000,0.0000000000000000,0.0000000000000000,0.1481481481481481,-0.1296296296296296,0.2962962962962963,-0.3333333333333333,0.4444444444444444,-0.4444444444444444,0.5925925925925926,-0.5000000000000000,0.0925925925925926,-0.5185185185185185,0.0370370370370370,-0.7222222222222222,0.0185185185185185,-0.8703703703703703,0.0000000000000000,-1.0000000000000000,-0.0555555555555556,-0.5000000000000000,0.0000000000000000,-0.5370370370370371,0.0925925925925926,-0.3888888888888889,0.1481481481481481,-0.2592592592592592,-0.1666666666666667,-0.4074074074074074,-0.0740740740740741,-0.4259259259259259,0.0185185185185185,-0.2962962962962963,0.0555555555555556,-0.1851851851851852,-0.2592592592592592,-0.3148148148148148,-0.1851851851851852,-0.3333333333333333,-0.0925925925925926,-0.2407407407407407,-0.0555555555555556,-0.1481481481481481
L,0.0000000000000000,0.0000000000000000,0.0000000000000000,0.0000000000000000,0.0000000000000000,0.0000000000000000,0.0000000000000000,0.0000000000000000,0.0000000000000000,0.0000000000000000,0.0000000000000000,0.0000000000000000,0.0000000000000000,0.0000000000000000,0.0000000000000000,0.0000000000000000,0.0000000000000000,0.0000000000000000,0.0000000000000000,0.0000000000000000,0.0000000000000000,0.0000000000000000,0.0000000000000000,0.0000000000000000,0.0000000000000000,0.0000000000000000,0.0000000000000000,0.0000000000000000,0.0000000000000000,0.0000000000000000,0.0000000000000000,0.0000000000000000,0.0000000000000000,0.0000000000000000,0.0000000000000000,0.0000000000000000,0.0000000000000000,0.0000000000000000,0.0000000000000000,0.0000000000000000,0.0000000000000000,0.0000000000000000,0.0000000000000000,0.0000000000000000,0.2702702702702703,-0.0810810810810811,0.4594594594594595,-0.2162162162162162,0.6216216216216216,-0.2702702702702703,0.7567567567567568,-0.2702702702702703,0.2972972972972973,-0.4054054054054054,0.2702702702702703,-0.6756756756756757,0.2432432432432433,-0.8648648648648649,0.2432432432432433,-1.0000000000000000,0.1621621621621622,-0.4054054054054054,0.1081081081081081,-0.5945945945945946,0.1351351351351351,-0.4864864864864865,0.1621621621621622,-0.3783783783783784,0.0270270270270270,-0.3513513513513514,0.0270270270270270,-0.5135135135135135,0.0540540540540541,-0.4054054054054054,0.0810810810810811,-0.2972972972972973,-0.0540540540540541,-0.2972972972972973,-0.0540540540540541,-0.4324324324324325,-0.0270270270270270,-0.3513513513513514,0.0000000000000000,-0.2432432432432433
L,0.0000000000000000,0.0000000000000000,0.0000000000000000,0.0000000000000000,0.0000000000000000,0.0000000000000000,0.0000000000000000,0.0000000000000000,0.0000000000000000,0.0000000000000000,0.0000000000000000,0.0000000000000000,0.0000000000000000,0.0000000000000000,0.0000000000000000,0.0000000000000000,0.0000000000000000,0.0000000000000000,0.0000000000000000,0.0000000000000000,0.0000000000000000,0.0000000000000000,0.0000000000000000,0.0000000000000000,0.0000000000000000,0.0000000000000000,0.0000000000000000,0.0000000000000000,0.0000000000000000,0.0000000000000000,0.0000000000000000,0.0000000000000000,0.0000000000000000,0.0000000000000000,0.0000000000000000,0.0000000000000000,0.0000000000000000,0.0000000000000000,0.0000000000000000,0.0000000000000000,0.0000000000000000,0.0000000000000000,0.0000000000000000,0.0000000000000000,0.2571428571428571,-0.0571428571428571,0.4857142857142857,-0.1714285714285714,0.6571428571428571,-0.2285714285714286,0.8000000000000000,-0.2000000000000000,0.3142857142857143,-0.4571428571428571,0.3142857142857143,-0.7142857142857143,0.3142857142857143,-0.8857142857142857,0.3142857142857143,-1.0000000000000000,0.1714285714285714,-0.4571428571428571,0.1428571428571428,-0.6285714285714286,0.1714285714285714,-0.5428571428571428,0.2000000000000000,-0.4285714285714285,0.0285714285714286,-0.4000000000000000,0.0285714285714286,-0.5142857142857142,0.0571428571428571,-0.4000000000000000,0.1142857142857143,-0.3142857142857143,-0.0857142857142857,-0.3142857142857143,-0.0857142857142857,-0.4285714285714285,-0.0571428571428571,-0.3428571428571429,-0.0285714285714286,-0.2571428571428571
L,0.0000000000000000,0.0000000000000000,0.0000000000000000,0.0000000000000000,0.0000000000000000,0.0000000000000000,0.0000000000000000,0.0000000000000000,0.0000000000000000,0.0000000000000000,0.0000000000000000,0.0000000000000000,0.0000000000000000,0.0000000000000000,0.0000000000000000,0.0000000000000000,0.0000000000000000,0.0000000000000000,0.0000000000000000,0.0000000000000000,0.0000000000000000,0.0000000000000000,0.0000000000000000,0.0000000000000000,0.0000000000000000,0.0000000000000000,0.0000000000000000,0.0000000000000000,0.0000000000000000,0.0000000000000000,0.0000000000000000,0.0000000000000000,0.0000000000000000,0.0000000000000000,0.0000000000000000,0.0000000000000000,0.0000000000000000,0.0000000000000000,0.0000000000000000,0.0000000000000000,0.0000000000000000,0.0000000000000000,0.0000000000000000,0.0000000000000000,0.2647058823529412,-0.0882352941176471,0.4705882352941176,-0.2352941176470588,0.6176470588235294,-0.2941176470588235,0.7647058823529411,-0.2941176470588235,0.2647058823529412,-0.4705882352941176,0.2352941176470588,-0.7352941176470589,0.2352941176470588,-0.8823529411764706,0.2352941176470588,-1.0000000000000000,0.1176470588235294,-0.4705882352941176,0.0882352941176471,-0.6470588235294118,0.1176470588235294,-0.5588235294117647,0.1470588235294118,-0.4705882352941176,0.0000000000000000,-0.4117647058823529,-0.0294117647058824,-0.5294117647058824,0.0294117647058824,-0.4411764705882353,0.0588235294117647,-0.3235294117647059,-0.1176470588235294,-0.3529411764705883,-0.1176470588235294,-0.4411764705882353,-0.0882352941176471,-0.3823529411764706,-0.0588235294117647,-0.2941176470588235
L,0.0000000000000000,0.0000000000000000,0.0000000000000000,0.0000000000000000,0.0000000000000000,0.0000000000000000,0.0000000000000000,0.0000000000000000,0.0000000000000000,0.0000000000000000,0.0000000000000000,0.0000000000000000,0.0000000000000000,0.0000000000000000,0.0000000000000000,0.0000000000000000,0.0000000000000000,0.0000000000000000,0.0000000000000000,0.0000000000000000,0.0000000000000000,0.0000000000000000,0.0000000000000000,0.0000000000000000,0.0000000000000000,0.0000000000000000,0.0000000000000000,0.0000000000000000,0.0000000000000000,0.0000000000000000,0.0000000000000000,0.0000000000000000,0.0000000000000000,0.0000000000000000,0.0000000000000000,0.0000000000000000,0.0000000000000000,0.0000000000000000,0.0000000000000000,0.0000000000000000,0.0000000000000000,0.0000000000000000,0.0000000000000000,0.0000000000000000,0.1363636363636364,-0.0636363636363636,0.2818181818181818,-0.2000000000000000,0.4181818181818182,-0.2636363636363636,0.5454545454545454,-0.2909090909090909,0.0909090909090909,-0.4818181818181818,0.1000000000000000,-0.7090909090909091,0.1181818181818182,-0.8636363636363636,0.1181818181818182,-1.0000000000000000,-0.0363636363636364,-0.4727272727272727,0.2000000000000000,-0.5000000000000000,0.2454545454545455,-0.3000000000000000,0.2272727272727273,-0.1909090909090909,-0.1454545454545454,-0.4181818181818182,0.1000000000000000,-0.4090909090909091,0.1545454545454545,-0.2272727272727273,0.1454545454545454,-0.1272727272727273,-0.2363636363636364,-0.3181818181818182,-0.0454545454545455,-0.3272727272727273,0.0545454545454545,-0.2000000000000000,0.1000000000000000,-0.1000000000000000
L,0.0000000000000000,0.0000000000000000,0.0000000000000000,0.0000000000000000,0.0000000000000000,0.0000000000000000,0.0000000000000000,0.0000000000000000,0.0000000000000000,0.0000000000000000,0.0000000000000000,0.0000000000000000,0.0000000000000000,0.0000000000000000,0.0000000000000000,0.0000000000000000,0.0000000000000000,0.0000000000000000,0.0000000000000000,0.0000000000000000,0.0000000000000000,0.0000000000000000,0.0000000000000000,0.0000000000000000,0.0000000000000000,0.0000000000000000,0.0000000000000000,0.0000000000000000,0.0000000000000000,0.0000000000000000,0.0000000000000000,0.0000000000000000,0.0000000000000000,0.0000000000000000,0.0000000000000000,0.0000000000000000,0.0000000000000000,0.0000000000000000,0.0000000000000000,0.0000000000000000,0.0000000000000000,0.0000000000000000,0.0000000000000000,0.0000000000000000,0.1636363636363636,-0.0727272727272727,0.3272727272727273,-0.2181818181818182,0.4727272727272727,-0.2909090909090909,0.6000000000000000,-0.3272727272727273,0.1272727272727273,-0.4909090909090909,0.1090909090909091,-0.7090909090909091,0.0909090909090909,-0.8727272727272727,0.0727272727272727,-1.0000000000000000,0.0000000000000000,-0.4727272727272727,0.0727272727272727,-0.4727272727272727,0.1454545454545454,-0.3272727272727273,0.1454545454545454,-0.2545454545454545,-0.1090909090909091,-0.4000000000000000,-0.0181818181818182,-0.4000000000000000,0.0545454545454545,-0.2727272727272727,0.0545454545454545,-0.2181818181818182,-0.2000000000000000,-0.3090909090909091,-0.0909090909090909,-0.3272727272727273,-0.0363636363636364,-0.2181818181818182,-0.0545454545454545,-0.1818181818181818
L,0.0000000000000000,0.0000000000000000,0.0000000000000000,0.0000000000000000,0.0000000000000000,0.0000000000000000,0.0000000000000000,0.0000000000000000,0.0000000000000000,0.0000000000000000,0.0000000000000000,0.0000000000000000,0.0000000000000000,0.0000000000000000,0.0000000000000000,0.0000000000000000,0.0000000000000000,0.0000000000000000,0.0000000000000000,0.0000000000000000,0.0000000000000000,0.0000000000000000,0.0000000000000000,0.0000000000000000,0.0000000000000000,0.0000000000000000,0.0000000000000000,0.0000000000000000,0.0000000000000000,0.0000000000000000,0.0000000000000000,0.0000000000000000,0.0000000000000000,0.0000000000000000,0.0000000000000000,0.0000000000000000,0.0000000000000000,0.0000000000000000,0.0000000000000000,0.0000000000000000,0.0000000000000000,0.0000000000000000,0.0000000000000000,0.0000000000000000,0.1914893617021277,-0.1170212765957447,0.3617021276595745,-0.2765957446808511,0.5212765957446809,-0.3617021276595745,0.6702127659574468,-0.4042553191489361,0.1702127659574468,-0.5212765957446809,0.1702127659574468,-0.7234042553191490,0.1489361702127660,-0.8723404255319149,0.1170212765957447,-1.0000000000000000,0.0319148936170213,-0.5106382978723404,0.1489361702127660,-0.5106382978723404,0.2127659574468085,-0.3510638297872340,0.2340425531914894,-0.2340425531914894,-0.0957446808510638,-0.4574468085106383,0.0531914893617021,-0.3936170212765958,0.1276595744680851,-0.2553191489361702,0.1489361702127660,-0.1489361702127660,-0.2021276595744681,-0.3723404255319149,-0.0638297872340425,-0.3404255319148936,0.0106382978723404,-0.2446808510638298,0.0425531914893617,-0.1702127659574468
L,0.0000000000000000,0.0000000000000000,0.0000000000000000,0.0000000000000000,0.0000000000000000,0.0000000000000000,0.0000000000000000,0.0000000000000000,0.0000000000000000,0.0000000000000000,0.0000000000000000,0.0000000000000000,0.0000000000000000,0.0000000000000000,0.0000000000000000,0.0000000000000000,0.0000000000000000,0.0000000000000000,0.0000000000000000,0.0000000000000000,0.0000000000000000,0.0000000000000000,0.0000000000000000,0.0000000000000000,0.0000000000000000,0.0000000000000000,0.0000000000000000,0.0000000000000000,0.0000000000000000,0.0000000000000000,0.0000000000000000,0.0000000000000000,0.0000000000000000,0.0000000000000000,0.0000000000000000,0.0000000000000000,0.0000000000000000,0.0000000000000000,0.0000000000000000,0.0000000000000000,0.0000000000000000,0.0000000000000000,0.0000000000000000,0.0000000000000000,0.2261904761904762,-0.0714285714285714,0.4404761904761905,-0.2142857142857143,0.6309523809523809,-0.2500000000000000,0.7857142857142857,-0.2261904761904762,0.2500000000000000,-0.5238095238095238,0.2619047619047619,-0.7500000000000000,0.2738095238095238,-0.8809523809523809,0.2738095238095238,-1.0000000000000000,0.1071428571428571,-0.5119047619047619,0.0952380952380952,-0.6428571428571429,0.1309523809523810,-0.4880952380952381,0.1547619047619048,-0.4047619047619048,-0.0357142857142857,-0.4523809523809524,-0.0357142857142857,-0.5357142857142857,0.0238095238095238,-0.3928571428571428,0.0595238095238095,-0.3095238095238095,-0.1547619047619048,-0.3690476190476191,-0.1547619047619048,-0.4404761904761905,-0.0833333333333333,-0.3452380952380952,-0.0357142857142857,-0.2857142857142857
L,0.0000000000000000,0.0000000000000000,0.0000000000000000,0.0000000000000000,0.0000000000000000,0.0000000000000000,0.0000000000000000,0.0000000000000000,0.0000000000000000,0.0000000000000000,0.0000000000000000,0.0000000000000000,0.0000000000000000,0.0000000000000000,0.0000000000000000,0.0000000000000000,0.0000000000000000,0.0000000000000000,0.0000000000000000,0.0000000000000000,0.0000000000000000,0.0000000000000000,0.0000000000000000,0.0000000000000000,0.0000000000000000,0.0000000000000000,0.0000000000000000,0.0000000000000000,0.0000000000000000,0.0000000000000000,0.0000000000000000,0.0000000000000000,0.0000000000000000,0.0000000000000000,0.0000000000000000,0.0000000000000000,0.0000000000000000,0.0000000000000000,0.0000000000000000,0.0000000000000000,0.0000000000000000,0.0000000000000000,0.0000000000000000,0.0000000000000000,0.2800000000000000,-0.0800000000000000,0.5400000000000000,-0.2200000000000000,0.7600000000000000,-0.2600000000000000,0.9200000000000000,-0.2200000000000000,0.3400000000000000,-0.4800000000000000,0.3400000000000000,-0.7200000000000000,0.3600000000000000,-0.8800000000000000,0.3600000000000000,-1.0000000000000000,0.1600000000000000,-0.4800000000000000,0.1200000000000000,-0.6000000000000000,0.1600000000000000,-0.4800000000000000,0.1800000000000000,-0.4000000000000000,0.0000000000000000,-0.4200000000000000,-0.0200000000000000,-0.5200000000000000,0.0400000000000000,-0.4000000000000000,0.0800000000000000,-0.3000000000000000,-0.1400000000000000,-0.3600000000000000,-0.1600000000000000,-0.4400000000000000,-0.1000000000000000,-0.3400000000000000,-0.0600000000000000,-0.2800000000000000
L,0.0000000000000000,0.0000000000000000,0.0625000000000000,-0.2500000000000000,0.0000000000000000,-0.5625000000000000,-0.1875000000000000,-0.7500000000000000,-0.3125000000000000,-0.8750000000000000,-0.0625000000000000,-0.6875000000000000,-0.1875000000000000,-0.9375000000000000,-0.3125000000000000,-1.0000000000000000,-0.3750000000000000,-1.0000000000000000,-0.1250000000000000,-0.6875000000000000,-0.2500000000000000,-0.9375000000000000,-0.3750000000000000,-1.0000000000000000,-0.4375000000000000,-1.0000000000000000,-0.2500000000000000,-0.6875000000000000,-0.3125000000000000,-0.9375000000000000,-0.4375000000000000,-0.9375000000000000,-0.5000000000000000,-1.0000000000000000,-0.3750000000000000,-0.6250000000000000,-0.4375000000000000,-0.8125000000000000,-0.5000000000000000,-0.8750000000000000,-0.5625000000000000,-0.8750000000000000,0.0000000000000000,0.0000000000000000,0.0000000000000000,0.0000000000000000,0.0000000000000000,0.0000000000000000,0.0000000000000000,0.0000000000000000,0.0000000000000000,0.0000000000000000,0.0000000000000000,0.0000000000000000,0.0000000000000000,0.0000000000000000,0.0000000000000000,0.0000000000000000,0.0000000000000000,0.0000000000000000,0.0000000000000000,0.0000000000000000,0.0000000000000000,0.0000000000000000,0.0000000000000000,0.0000000000000000,0.0000000000000000,0.0000000000000000,0.0000000000000000,0.0000000000000000,0.0000000000000000,0.0000000000000000,0.0000000000000000,0.0000000000000000,0.0000000000000000,0.0000000000000000,0.0000000000000000,0.0000000000000000,0.0000000000000000,0.0000000000000000,0.0000000000000000,0.0000000000000000,0.0000000000000000,0.0000000000000000
L,0.0000000000000000,0.0000000000000000,0.0000000000000000,-0.1951219512195122,0.0975609756097561,-0.3414634146341464,0.1951219512195122,-0.4146341463414634,0.2439024390243902,-0.4390243902439024,0.3658536585365854,-0.4146341463414634,0.5121951219512195,-0.6585365853658537,0.5609756097560976,-0.8292682926829268,0.5609756097560976,-0.9756097560975610,0.4390243902439024,-0.3658536585365854,0.4634146341463415,-0.5365853658536586,0.3902439024390244,-0.6097560975609756,0.3414634146341464,-0.6585365853658537,0.4634146341463415,-0.2682926829268293,0.4390243902439024,-0.4146341463414634,0.2682926829268293,-0.3658536585365854,0.1707317073170732,-0.3414634146341464,0.5121951219512195,-0.1463414634146341,0.7317073170731707,-0.1707317073170732,0.8780487804878049,-0.1463414634146341,1.0000000000000000,-0.1463414634146341,0.0000000000000000,0.0000000000000000,0.0000000000000000,0.0000000000000000,0.0000000000000000,0.0000000000000000,0.0000000000000000,0.0000000000000000,0.0000000000000000,0.0000000000000000,0.0000000000000000,0.0000000000000000,0.0000000000000000,0.0000000000000000,0.0000000000000000,0.0000000000000000,0.0000000000000000,0.0000000000000000,0.0000000000000000,0.0000000000000000,0.0000000000000000,0.0000000000000000,0.0000000000000000,0.0000000000000000,0.0000000000000000,0.0000000000000000,0.0000000000000000,0.0000000000000000,0.0000000000000000,0.0000000000000000,0.0000000000000000,0.0000000000000000,0.0000000000000000,0.0000000000000000,0.0000000000000000,0.0000000000000000,0.0000000000000000,0.0000000000000000,0.0000000000000000,0.0000000000000000,0.0000000000000000,0.0000000000000000
L,0.0000000000000000,0.0000000000000000,0.0000000000000000,0.0000000000000000,0.0000000000000000,0.0000000000000000,0.0000000000000000,0.0000000000000000,0.0000000000000000,0.0000000000000000,0.0000000000000000,0.0000000000000000,0.0000000000000000,0.0000000000000000,0.0000000000000000,0.0000000000000000,0.0000000000000000,0.0000000000000000,0.0000000000000000,0.0000000000000000,0.0000000000000000,0.0000000000000000,0.0000000000000000,0.0000000000000000,0.0000000000000000,0.0000000000000000,0.0000000000000000,0.0000000000000000,0.0000000000000000,0.0000000000000000,0.0000000000000000,0.0000000000000000,0.0000000000000000,0.0000000000000000,0.0000000000000000,0.0000000000000000,0.0000000000000000,0.0000000000000000,0.0000000000000000,0.0000000000000000,0.0000000000000000,0.0000000000000000,0.0000000000000000,0.0000000000000000,0.1683168316831683,-0.0594059405940594,0.3564356435643564,-0.1881188118811881,0.5049504950495050,-0.2574257425742574,0.6435643564356436,-0.2772277227722773,0.1881188118811881,-0.4851485148514851,0.1881188118811881,-0.7128712871287128,0.2079207920792079,-0.8712871287128713,0.2178217821782178,-1.0000000000000000,0.0594059405940594,-0.4851485148514851,0.1980198019801980,-0.4752475247524752,0.2475247524752475,-0.2970297029702970,0.2277227722772277,-0.1980198019801980,-0.0495049504950495,-0.4059405940594060,0.0990099009900990,-0.3762376237623762,0.1485148514851485,-0.2277227722772277,0.1287128712871287,-0.1485148514851485,-0.1485148514851485,-0.3069306930693069,-0.0099009900990099,-0.2871287128712871,0.0396039603960396,-0.1881188118811881,0.0297029702970297,-0.1287128712871287
L,0.0000000000000000,0.0000000000000000,0.0000000000000000,0.0000000000000000,0.0000000000000000,0.0000000000000000,0.0000000000000000,0.0000000000000000,0.0000000000000000,0.0000000000000000,0.0000000000000000,0.0000000000000000,0.0000000000000000,0.0000000000000000,0.0000000000000000,0.0000000000000000,0.0000000000000000,0.0000000000000000,0.0000000000000000,0.0000000000000000,0.0000000000000000,0.0000000000000000,0.0000000000000000,0.0000000000000000,0.0000000000000000,0.0000000000000000,0.0000000000000000,0.0000000000000000,0.0000000000000000,0.0000000000000000,0.0000000000000000,0.0000000000000000,0.0000000000000000,0.0000000000000000,0.0000000000000000,0.0000000000000000,0.0000000000000000,0.0000000000000000,0.0000000000000000,0.0000000000000000,0.0000000000000000,0.0000000000000000,0.0000000000000000,0.0000000000000000,0.2452830188679245,-0.1132075471698113,0.4716981132075472,-0.2264150943396226,0.6603773584905660,-0.2830188679245283,0.8301886792452831,-0.3018867924528302,0.2452830188679245,-0.5283018867924528,0.3018867924528302,-0.7358490566037735,0.3207547169811321,-0.8679245283018868,0.3207547169811321,-1.0000000000000000,0.1132075471698113,-0.5283018867924528,0.2830188679245283,-0.4716981132075472,0.3396226415094339,-0.3396226415094339,0.3396226415094339,-0.2452830188679245,-0.0188679245283019,-0.4716981132075472,0.1698113207547170,-0.3962264150943396,0.2264150943396226,-0.2641509433962264,0.2264150943396226,-0.1886792452830189,-0.1320754716981132,-0.3773584905660378,0.0377358490566038,-0.3396226415094339,0.0943396226415094,-0.2452830188679245,0.1132075471698113,-0.1886792452830189
L,0.0000000000000000,0.0000000000000000,0.1363636363636364,-0.0909090909090909,0.3636363636363636,-0.1363636363636364,0.5909090909090909,-0.0909090909090909,0.7272727272727273,0.0000000000000000,0.5454545454545454,0.0000000000000000,0.7727272727272727,0.0909090909090909,0.9090909090909091,0.1363636363636364,1.0000000000000000,0.2272727272727273,0.5454545454545454,0.0909090909090909,0.7272727272727273,0.1363636363636364,0.8636363636363636,0.2272727272727273,1.0000000000000000,0.2727272727272727,0.5000000000000000,0.1363636363636364,0.6818181818181818,0.1818181818181818,0.8181818181818182,0.2272727272727273,0.9090909090909091,0.3181818181818182,0.4090909090909091,0.1818181818181818,0.5909090909090909,0.2272727272727273,0.6818181818181818,0.2727272727272727,0.7727272727272727,0.2727272727272727,0.0000000000000000,0.0000000000000000,0.0000000000000000,0.0000000000000000,0.0000000000000000,0.0000000000000000,0.0000000000000000,0.0000000000000000,0.0000000000000000,0.0000000000000000,0.0000000000000000,0.0000000000000000,0.0000000000000000,0.0000000000000000,0.0000000000000000,0.0000000000000000,0.0000000000000000,0.0000000000000000,0.0000000000000000,0.0000000000000000,0.0000000000000000,0.0000000000000000,0.0000000000000000,0.0000000000000000,0.0000000000000000,0.0000000000000000,0.0000000000000000,0.0000000000000000,0.0000000000000000,0.0000000000000000,0.0000000000000000,0.0000000000000000,0.0000000000000000,0.0000000000000000,0.0000000000000000,0.0000000000000000,0.0000000000000000,0.0000000000000000,0.0000000000000000,0.0000000000000000,0.0000000000000000,0.0000000000000000
L,0.0000000000000000,0.0000000000000000,-0.0714285714285714,0.1428571428571428,-0.1428571428571428,0.4285714285714285,-0.1428571428571428,0.5714285714285714,-0.1428571428571428,0.6428571428571429,-0.1428571428571428,0.5714285714285714,-0.1428571428571428,0.8571428571428571,-0.0714285714285714,0.9285714285714286,-0.0714285714285714,1.0000000000000000,-0.1428571428571428,0.5714285714285714,0.0000000000000000,0.8571428571428571,0.0000000000000000,0.9285714285714286,0.0000000000000000,1.0000000000000000,0.0000000000000000,0.5000000000000000,0.0714285714285714,0.7142857142857143,0.0714285714285714,0.7142857142857143,0.0714285714285714,0.6428571428571429,0.1428571428571428,0.4285714285714285,0.2142857142857143,0.5714285714285714,0.1428571428571428,0.5714285714285714,0.1428571428571428,0.5000000000000000,0.0000000000000000,0.0000000000000000,0.0000000000000000,0.0000000000000000,0.0000000000000000,0.0000000000000000,0.0000000000000000,0.0000000000000000,0.0000000000000000,0.0000000000000000,0.0000000000000000,0.0000000000000000,0.0000000000000000,0.0000000000000000,0.0000000000000000,0.0000000000000000,0.0000000000000000,0.0000000000000000,0.0000000000000000,0.0000000000000000,0.0000000000000000,0.0000000000000000,0.0000000000000000,0.0000000000000000,0.0000000000000000,0.0000000000000000,0.0000000000000000,0.0000000000000000,0.0000000000000000,0.0000000000000000,0.0000000000000000,0.0000000000000000,0.0000000000000000,0.0000000000000000,0.0000000000000000,0.0000000000000000,0.0000000000000000,0.0000000000000000,0.0000000000000000,0.0000000000000000,0.0000000000000000,0.0000000000000000
L,0.0000000000000000,0.0000000000000000,0.0000000000000000,0.0000000000000000,0.0000000000000000,0.0000000000000000,0.0000000000000000,0.0000000000000000,0.0000000000000000,0.0000000000000000,0.0000000000000000,0.0000000000000000,0.0000000000000000,0.0000000000000000,0.0000000000000000,0.0000000000000000,0.0000000000000000,0.0000000000000000,0.0000000000000000,0.0000000000000000,0.0000000000000000,0.0000000000000000,0.0000000000000000,0.0000000000000000,0.0000000000000000,0.0000000000000000,0.0000000000000000,0.0000000000000000,0.0000000000000000,0.0000000000000000,0.0000000000000000,0.0000000000000000,0.0000000000000000,0.0000000000000000,0.0000000000000000,0.0000000000000000,0.0000000000000000,0.0000000000000000,0.0000000000000000,0.0000000000000000,0.0000000000000000,0.0000000000000000,0.0000000000000000,0.0000000000000000,0.1509433962264151,-0.0754716981132075,0.3396226415094339,-0.2264150943396226,0.4905660377358491,-0.3207547169811321,0.6415094339622641,-0.3396226415094339,0.1320754716981132,-0.4905660377358491,0.1320754716981132,-0.7169811320754716,0.1509433962264151,-0.8867924528301887,0.1698113207547170,-1.0000000000000000,0.0000000000000000,-0.4905660377358491,0.1132075471698113,-0.5094339622641509,0.1509433962264151,-0.3584905660377358,0.1698113207547170,-0.2264150943396226,-0.1132075471698113,-0.4339622641509434,0.0000000000000000,-0.4150943396226415,0.0566037735849057,-0.2452830188679245,0.0754716981132075,-0.1320754716981132,-0.2264150943396226,-0.3584905660377358,-0.1132075471698113,-0.3396226415094339,-0.0566037735849057,-0.2264150943396226,-0.0377358490566038,-0.1320754716981132
M,-0.0393700787401575,0.6299212598425197,-0.0551181102362205,0.4881889763779528,0.0078740157480315,0.3307086614173229,0.1338582677165354,0.2519685039370079,0.2755905511811024,0.2204724409448819,0.2598425196850394,0.2362204724409449,0.4015748031496063,0.0314960629921260,0.4803149606299212,-0.0944881889763780,0.5433070866141733,-0.1732283464566929,0.3385826771653543,0.2992125984251969,0.4803149606299212,0.1102362204724409,0.5433070866141733,-0.0472440944881890,0.5748031496062992,-0.1574803149606299,0.3858267716535433,0.4094488188976378,0.4015748031496063,0.2834645669291339,0.2755905511811024,0.3149606299212598,0.1811023622047244,0.3779527559055118,0.4173228346456693,0.5196850393700787,0.4803149606299212,0.4094488188976378,0.4173228346456693,0.3307086614173229,0.3700787401574803,0.2519685039370079,0.0393700787401575,-0.6299212598425197,0.0393700787401575,-0.4251968503937008,0.1023622047244094,-0.2204724409448819,0.1496062992125984,-0.0787401574803150,0.1968503937007874,0.0000000000000000,0.3228346456692913,-0.2519685039370079,0.5118110236220472,-0.2047244094488189,0.6377952755905512,-0.1889763779527559,0.7480314960629921,-0.2047244094488189,0.3858267716535433,-0.3464566929133858,0.6377952755905512,-0.3307086614173229,0.8110236220472441,-0.3149606299212598,0.9685039370078740,-0.3307086614173229,0.4173228346456693,-0.4409448818897638,0.6535433070866141,-0.4251968503937008,0.8425196850393700,-0.4094488188976378,1.0000000000000000,-0.3937007874015748,0.4015748031496063,-0.5354330708661418,0.5905511811023622,-0.5039370078740157,0.7165354330708661,-0.4724409448818898,0.8582677165354331,-0.4566929133858268
M,0.2865497076023392,-0.2105263157894737,0.1812865497076023,-0.3391812865497076,0.1111111111111111,-0.4912280701754386,0.0760233918128655,-0.6198830409356725,0.0292397660818713,-0.7251461988304093,0.4035087719298245,-0.6432748538011696,0.5087719298245614,-0.7836257309941520,0.5906432748538012,-0.8654970760233918,0.6725146198830410,-0.9239766081871345,0.5204678362573100,-0.5847953216374269,0.6725146198830410,-0.7251461988304093,0.7894736842105263,-0.8070175438596491,0.8830409356725146,-0.8654970760233918,0.5906432748538012,-0.4912280701754386,0.7777777777777778,-0.6081871345029239,0.8947368421052632,-0.6666666666666666,0.9883040935672515,-0.7134502923976608,0.6374269005847953,-0.3859649122807017,0.8011695906432749,-0.4327485380116959,0.9064327485380117,-0.4678362573099415,1.0000000000000000,-0.5029239766081871,-0.2865497076023392,0.2105263157894737,-0.2982456140350877,0.0467836257309941,-0.1812865497076023,-0.0818713450292398,-0.0643274853801170,-0.1286549707602339,0.0292397660818713,-0.1403508771929824,-0.1228070175438596,-0.1169590643274854,0.0058479532163743,-0.2807017543859649,0.0994152046783626,-0.3859649122807017,0.1578947368421053,-0.4561403508771930,-0.0175438596491228,-0.0350877192982456,0.1578947368421053,-0.2105263157894737,0.2748538011695906,-0.3157894736842105,0.3567251461988304,-0.3976608187134503,0.0409356725146199,0.0467836257309941,0.2397660818713450,-0.0818713450292398,0.3450292397660819,-0.1637426900584795,0.4385964912280702,-0.2339181286549707,0.0643274853801170,0.1520467836257310,0.1929824561403509,0.0818713450292398,0.1695906432748538,0.0818713450292398,0.1228070175438596,0.1052631578947368
M,0.1349206349206349,-0.2222222222222222,0.0714285714285714,-0.3809523809523809,0.0714285714285714,-0.5555555555555556,0.0714285714285714,-0.6984126984126984,0.0714285714285714,-0.8095238095238095,0.2460317460317460,-0.6666666666666666,0.3253968253968254,-0.8253968253968254,0.3571428571428572,-0.9206349206349206,0.3888888888888889,-1.0000000000000000,0.3095238095238095,-0.6190476190476191,0.4047619047619048,-0.7777777777777778,0.4682539682539683,-0.8730158730158730,0.5158730158730159,-0.9365079365079365,0.3571428571428572,-0.5555555555555556,0.4682539682539683,-0.6825396825396826,0.5317460317460317,-0.7460317460317460,0.5793650793650794,-0.8095238095238095,0.3888888888888889,-0.4603174603174603,0.4841269841269841,-0.5079365079365079,0.5476190476190477,-0.5396825396825397,0.5952380952380952,-0.5714285714285714,-0.1349206349206349,0.2222222222222222,-0.1507936507936508,0.0634920634920635,-0.0714285714285714,-0.0634920634920635,0.0238095238095238,-0.0952380952380952,0.0873015873015873,-0.0952380952380952,-0.0396825396825397,-0.1428571428571428,0.0238095238095238,-0.3015873015873016,0.0714285714285714,-0.3968253968253968,0.1031746031746032,-0.4761904761904762,0.0396825396825397,-0.0793650793650794,0.1349206349206349,-0.2539682539682540,0.1825396825396825,-0.3650793650793651,0.2301587301587301,-0.4285714285714285,0.0873015873015873,0.0000000000000000,0.1825396825396825,-0.1428571428571428,0.2460317460317460,-0.2222222222222222,0.2936507936507937,-0.2857142857142857,0.1190476190476190,0.0952380952380952,0.1349206349206349,0.0476190476190476,0.1190476190476190,0.0476190476190476,0.1031746031746032,0.0634920634920635
M,0.1280000000000000,-0.2480000000000000,0.0480000000000000,-0.3920000000000000,0.0320000000000000,-0.5679999999999999,0.0160000000000000,-0.6960000000000000,0.0160000000000000,-0.7920000000000000,0.2080000000000000,-0.6800000000000000,0.2560000000000000,-0.8400000000000000,0.2880000000000000,-0.9360000000000001,0.3200000000000000,-1.0000000000000000,0.2720000000000000,-0.6480000000000000,0.3520000000000000,-0.8080000000000001,0.4000000000000000,-0.8880000000000000,0.4480000000000000,-0.9520000000000000,0.3200000000000000,-0.5679999999999999,0.4160000000000000,-0.6960000000000000,0.4800000000000000,-0.7760000000000000,0.5280000000000000,-0.8240000000000000,0.3680000000000000,-0.4720000000000000,0.4480000000000000,-0.5360000000000000,0.4960000000000000,-0.5679999999999999,0.5600000000000001,-0.6000000000000000,-0.1280000000000000,0.2480000000000000,-0.1280000000000000,0.0880000000000000,-0.0640000000000000,-0.0560000000000000,0.0160000000000000,-0.1040000000000000,0.0800000000000000,-0.1360000000000000,-0.0320000000000000,-0.1040000000000000,0.0320000000000000,-0.2640000000000000,0.0640000000000000,-0.3760000000000000,0.0960000000000000,-0.4400000000000000,0.0320000000000000,-0.0560000000000000,0.1120000000000000,-0.2160000000000000,0.1600000000000000,-0.3120000000000000,0.1920000000000000,-0.3760000000000000,0.0800000000000000,0.0240000000000000,0.1600000000000000,-0.1200000000000000,0.1920000000000000,-0.1840000000000000,0.2240000000000000,-0.2480000000000000,0.1120000000000000,0.1200000000000000,0.1280000000000000,0.0720000000000000,0.1280000000000000,0.0560000000000000,0.1280000000000000,0.0720000000000000
M,0.2941176470588235,-0.2352941176470588,0.2156862745098039,-0.3921568627450980,0.2156862745098039,-0.5882352941176471,0.2156862745098039,-0.7450980392156863,0.2156862745098039,-0.8627450980392157,0.4901960784313725,-0.6666666666666666,0.6078431372549019,-0.8235294117647058,0.6862745098039216,-0.9019607843137255,0.7647058823529411,-0.9411764705882353,0.6078431372549019,-0.5882352941176471,0.7647058823529411,-0.7058823529411765,0.8431372549019608,-0.7843137254901961,0.9215686274509803,-0.8627450980392157,0.6862745098039216,-0.4705882352941176,0.8431372549019608,-0.5882352941176471,0.9215686274509803,-0.6274509803921569,1.0000000000000000,-0.6666666666666666,0.7254901960784313,-0.3529411764705883,0.8431372549019608,-0.3921568627450980,0.9215686274509803,-0.4313725490196079,1.0000000000000000,-0.4313725490196079,-0.2941176470588235,0.2352941176470588,-0.2549019607843137,0.0392156862745098,-0.1372549019607843,-0.0784313725490196,-0.0196078431372549,-0.0784313725490196,0.0588235294117647,-0.0784313725490196,-0.0196078431372549,-0.1176470588235294,0.0980392156862745,-0.2745098039215687,0.1764705882352941,-0.3529411764705883,0.2156862745098039,-0.3921568627450980,0.0196078431372549,-0.0392156862745098,0.2156862745098039,-0.1568627450980392,0.2941176470588235,-0.1960784313725490,0.3333333333333333,-0.1960784313725490,0.0980392156862745,0.0392156862745098,0.2549019607843137,-0.0392156862745098,0.2941176470588235,-0.0784313725490196,0.3333333333333333,-0.1176470588235294,0.0980392156862745,0.1568627450980392,0.2156862745098039,0.0784313725490196,0.2549019607843137,0.0784313725490196,0.2941176470588235,0.0392156862745098
M,-0.3725490196078431,0.2941176470588235,-0.5294117647058824,0.2156862745098039,-0.6862745098039216,0.2156862745098039,-0.8039215686274510,0.2549019607843137,-0.8823529411764706,0.3725490196078431,-0.8823529411764706,0.2549019607843137,-0.9607843137254902,0.3725490196078431,-0.8823529411764706,0.4117647058823529,-0.8039215686274510,0.3725490196078431,-0.8823529411764706,0.3333333333333333,-0.9607843137254902,0.4901960784313725,-0.8823529411764706,0.4901960784313725,-0.8039215686274510,0.4509803921568628,-0.8823529411764706,0.4509803921568628,-0.9607843137254902,0.5686274509803921,-0.8823529411764706,0.5686274509803921,-0.8039215686274510,0.5294117647058824,-0.8431372549019608,0.5686274509803921,-0.9215686274509803,0.6470588235294118,-0.8431372549019608,0.6470588235294118,-0.7647058823529411,0.6078431372549019,0.3725490196078431,-0.2941176470588235,0.3725490196078431,-0.4509803921568628,0.4901960784313725,-0.6078431372549019,0.5686274509803921,-0.6862745098039216,0.6470588235294118,-0.7254901960784313,0.5686274509803921,-0.6862745098039216,0.6862745098039216,-0.8431372549019608,0.7647058823529411,-0.9215686274509803,0.8039215686274510,-1.0000000000000000,0.6470588235294118,-0.6470588235294118,0.7647058823529411,-0.7647058823529411,0.8039215686274510,-0.8823529411764706,0.8431372549019608,-0.9215686274509803,0.6862745098039216,-0.5686274509803921,0.7647058823529411,-0.7254901960784313,0.8039215686274510,-0.8039215686274510,0.8039215686274510,-0.8431372549019608,0.6862745098039216,-0.4901960784313725,0.7647058823529411,-0.5686274509803921,0.7647058823529411,-0.6470588235294118,0.7647058823529411,-0.6470588235294118
M,0.3214285714285715,-0.1964285714285714,0.2500000000000000,-0.3035714285714285,0.2500000000000000,-0.4464285714285715,0.2857142857142857,-0.5535714285714286,0.2500000000000000,-0.6607142857142857,0.5000000000000000,-0.5535714285714286,0.6428571428571429,-0.6964285714285714,0.7142857142857143,-0.7678571428571429,0.7857142857142857,-0.8035714285714286,0.6071428571428571,-0.4821428571428572,0.7857142857142857,-0.5892857142857143,0.8571428571428571,-0.6607142857142857,0.9285714285714286,-0.6964285714285714,0.6785714285714286,-0.4107142857142857,0.8214285714285714,-0.4821428571428572,0.9285714285714286,-0.5178571428571429,1.0000000000000000,-0.5178571428571429,0.6785714285714286,-0.3035714285714285,0.7857142857142857,-0.3035714285714285,0.8928571428571429,-0.3035714285714285,0.9642857142857143,-0.3035714285714285,-0.3214285714285715,0.1964285714285714,-0.2500000000000000,0.0178571428571429,-0.1071428571428571,-0.0892857142857143,0.0357142857142857,-0.1607142857142857,0.1071428571428571,-0.2321428571428572,0.0000000000000000,-0.0892857142857143,0.1428571428571428,-0.1607142857142857,0.2142857142857143,-0.2321428571428572,0.2857142857142857,-0.2678571428571428,0.0357142857142857,-0.0178571428571429,0.1785714285714286,-0.0892857142857143,0.2500000000000000,-0.1250000000000000,0.3214285714285715,-0.1250000000000000,0.0357142857142857,0.0892857142857143,0.1785714285714286,0.0178571428571429,0.2500000000000000,-0.0178571428571429,0.2857142857142857,-0.0178571428571429,0.0357142857142857,0.1607142857142857,0.1071428571428571,0.1607142857142857,0.1785714285714286,0.1250000000000000,0.2142857142857143,0.1250000000000000
N,-0.2171052631578947,0.4210526315789473,-0.0855263157894737,0.2894736842105263,-0.0723684210526316,0.1315789473684210,-0.1381578947368421,0.0394736842105263,-0.2171052631578947,-0.0131578947368421,-0.0723684210526316,0.0526315789473684,-0.0328947368421053,-0.1315789473684210,-0.0197368421052632,-0.2631578947368421,-0.0197368421052632,-0.3552631578947368,-0.2039473684210526,0.0526315789473684,-0.2171052631578947,-0.1447368421052632,-0.2302631578947368,-0.2631578947368421,-0.2434210526315790,-0.3552631578947368,-0.3223684210526316,0.0921052631578947,-0.3355263157894737,-0.0526315789473684,-0.3223684210526316,0.0000000000000000,-0.3092105263157895,0.0657894736842105,-0.4144736842105263,0.1447368421052632,-0.4144736842105263,0.0657894736842105,-0.3881578947368421,0.1052631578947368,-0.3881578947368421,0.1447368421052632,0.2171052631578947,-0.4210526315789473,0.2434210526315790,-0.5921052631578947,0.2039473684210526,-0.7368421052631579,0.1381578947368421,-0.8684210526315790,0.1250000000000000,-1.0000000000000000,-0.1644736842105263,-0.6710526315789473,-0.3355263157894737,-0.7368421052631579,-0.4539473684210527,-0.7500000000000000,-0.5592105263157895,-0.7763157894736842,-0.2039473684210526,-0.5657894736842105,-0.4144736842105263,-0.6315789473684210,-0.5460526315789473,-0.6578947368421053,-0.6644736842105263,-0.6842105263157895,-0.2171052631578947,-0.4605263157894737,-0.4144736842105263,-0.5131578947368421,-0.5328947368421053,-0.5526315789473685,-0.6381578947368421,-0.5921052631578947,-0.1907894736842105,-0.3552631578947368,-0.3486842105263158,-0.3815789473684211,-0.4407894736842105,-0.4078947368421053,-0.5197368421052632,-0.4473684210526316
N,-0.1847133757961783,0.4267515923566879,-0.0828025477707006,0.2738853503184713,-0.0573248407643312,0.0955414012738854,-0.1210191082802548,-0.0318471337579618,-0.1719745222929936,-0.1082802547770701,-0.1082802547770701,0.0191082802547771,-0.0955414012738854,-0.1592356687898089,-0.0955414012738854,-0.2611464968152866,-0.0955414012738854,-0.3503184713375796,-0.2229299363057325,0.0318471337579618,-0.2356687898089172,-0.1974522292993631,-0.2356687898089172,-0.3248407643312102,-0.2484076433121019,-0.4267515923566879,-0.3375796178343949,0.0828025477707006,-0.3503184713375796,-0.0700636942675159,-0.3248407643312102,-0.0063694267515924,-0.2866242038216560,0.0573248407643312,-0.4267515923566879,0.1464968152866242,-0.4267515923566879,0.0573248407643312,-0.4012738853503185,0.1082802547770701,-0.3757961783439491,0.1592356687898089,0.1847133757961783,-0.4267515923566879,0.2101910828025478,-0.6050955414012739,0.1592356687898089,-0.7579617834394905,0.0828025477707006,-0.8853503184713376,0.0573248407643312,-1.0000000000000000,-0.1847133757961783,-0.6687898089171974,-0.3630573248407643,-0.7197452229299363,-0.4777070063694268,-0.7324840764331210,-0.5796178343949044,-0.7452229299363057,-0.2356687898089172,-0.5541401273885350,-0.4267515923566879,-0.6050955414012739,-0.5668789808917197,-0.6433121019108280,-0.6815286624203821,-0.6687898089171974,-0.2484076433121019,-0.4522292993630573,-0.4267515923566879,-0.5031847133757962,-0.5414012738853503,-0.5414012738853503,-0.6560509554140127,-0.5796178343949044,-0.2101910828025478,-0.3503184713375796,-0.3630573248407643,-0.3757961783439491,-0.4522292993630573,-0.4140127388535032,-0.5286624203821656,-0.4522292993630573
N,-0.1266666666666667,0.4666666666666667,0.0066666666666667,0.3600000000000000,0.0733333333333333,0.2266666666666667,0.0333333333333333,0.1200000000000000,-0.0466666666666667,0.0666666666666667,0.0466666666666667,0.0933333333333333,0.0200000000000000,-0.1066666666666667,-0.0200000000000000,-0.2266666666666667,-0.0466666666666667,-0.3200000000000000,-0.0600000000000000,0.1066666666666667,-0.1533333333333333,-0.0800000000000000,-0.2200000000000000,-0.2000000000000000,-0.2733333333333333,-0.2800000000000000,-0.1533333333333333,0.1466666666666667,-0.2333333333333333,0.0400000000000000,-0.2066666666666667,0.1066666666666667,-0.1666666666666667,0.1600000000000000,-0.2333333333333333,0.2000000000000000,-0.2733333333333333,0.1200000000000000,-0.2466666666666667,0.1733333333333333,-0.2200000000000000,0.2266666666666667,0.1266666666666667,-0.4666666666666667,0.1000000000000000,-0.6400000000000000,0.0066666666666667,-0.7733333333333333,-0.0733333333333333,-0.8933333333333333,-0.1400000000000000,-1.0000000000000000,-0.2866666666666667,-0.6133333333333333,-0.4866666666666667,-0.6000000000000000,-0.6066666666666667,-0.5866666666666667,-0.7133333333333334,-0.5733333333333334,-0.3133333333333334,-0.4933333333333333,-0.5133333333333333,-0.4800000000000000,-0.6600000000000000,-0.4666666666666667,-0.7800000000000000,-0.4533333333333333,-0.2866666666666667,-0.3866666666666667,-0.4733333333333333,-0.3866666666666667,-0.6066666666666667,-0.3733333333333334,-0.7133333333333334,-0.3733333333333334,-0.2200000000000000,-0.3066666666666666,-0.3666666666666666,-0.2800000000000000,-0.4600000000000000,-0.2666666666666667,-0.5533333333333333,-0.2666666666666667
N,-0.0397350993377483,0.4834437086092715,0.0529801324503311,0.3245033112582781,0.0397350993377483,0.1655629139072848,-0.0529801324503311,0.0860927152317881,-0.1456953642384106,0.0728476821192053,-0.0397350993377483,0.0463576158940397,-0.0794701986754967,-0.1523178807947020,-0.1324503311258278,-0.2847682119205298,-0.1854304635761589,-0.3774834437086093,-0.1589403973509934,0.0993377483443709,-0.2649006622516556,-0.0860927152317881,-0.3311258278145696,-0.1788079470198675,-0.3576158940397351,-0.2582781456953642,-0.2516556291390729,0.1788079470198675,-0.3046357615894040,0.0860927152317881,-0.2649006622516556,0.1125827814569536,-0.2119205298013245,0.1655629139072848,-0.3046357615894040,0.2715231788079470,-0.3311258278145696,0.2185430463576159,-0.2913907284768212,0.2450331125827815,-0.2516556291390729,0.2847682119205298,0.0397350993377483,-0.4834437086092715,-0.0132450331125828,-0.6688741721854304,-0.1456953642384106,-0.7880794701986755,-0.2649006622516556,-0.8940397350993378,-0.3311258278145696,-1.0000000000000000,-0.4370860927152318,-0.5761589403973509,-0.6357615894039735,-0.5364238410596026,-0.7417218543046358,-0.5099337748344371,-0.8476821192052980,-0.4701986754966888,-0.4370860927152318,-0.4569536423841060,-0.6490066225165563,-0.4172185430463576,-0.7947019867549668,-0.3774834437086093,-0.9006622516556292,-0.3509933774834437,-0.3973509933774834,-0.3509933774834437,-0.5960264900662252,-0.3112582781456953,-0.7152317880794702,-0.2980132450331126,-0.8211920529801324,-0.2715231788079470,-0.3178807947019868,-0.2715231788079470,-0.4768211920529801,-0.2317880794701987,-0.5695364238410596,-0.2185430463576159,-0.6622516556291391,-0.2052980132450331
N,-0.2649006622516556,0.4304635761589404,-0.0927152317880795,0.3112582781456953,-0.0529801324503311,0.1523178807947020,-0.1192052980132450,0.0331125827814570,-0.1986754966887417,-0.0066225165562914,-0.1059602649006623,0.0331125827814570,-0.0529801324503311,-0.1523178807947020,-0.0397350993377483,-0.2715231788079470,-0.0264900662251656,-0.3642384105960265,-0.2384105960264901,0.0331125827814570,-0.2384105960264901,-0.1523178807947020,-0.2516556291390729,-0.2450331125827815,-0.2516556291390729,-0.3112582781456953,-0.3708609271523179,0.0860927152317881,-0.3311258278145696,-0.0066225165562914,-0.2913907284768212,0.0463576158940397,-0.2781456953642384,0.1125827814569536,-0.4635761589403973,0.1523178807947020,-0.4105960264900662,0.0993377483443709,-0.3708609271523179,0.1390728476821192,-0.3708609271523179,0.1920529801324503,0.2649006622516556,-0.4304635761589404,0.2251655629139073,-0.6291390728476821,0.1059602649006623,-0.7748344370860927,-0.0132450331125828,-0.8807947019867549,-0.1059602649006623,-1.0000000000000000,-0.1986754966887417,-0.6423841059602649,-0.3973509933774834,-0.6688741721854304,-0.5165562913907285,-0.6688741721854304,-0.6357615894039735,-0.6688741721854304,-0.2251655629139073,-0.5364238410596026,-0.4503311258278146,-0.5496688741721855,-0.5960264900662252,-0.5629139072847682,-0.7284768211920529,-0.5761589403973509,-0.2251655629139073,-0.4172185430463576,-0.4370860927152318,-0.4437086092715232,-0.5562913907284768,-0.4569536423841060,-0.6754966887417219,-0.4701986754966888,-0.1854304635761589,-0.3245033112582781,-0.3443708609271523,-0.3245033112582781,-0.4503311258278146,-0.3377483443708609,-0.5562913907284768,-0.3509933774834437
N,-0.1714285714285714,0.5000000000000000,0.0000000000000000,0.3714285714285714,0.0571428571428571,0.2000000000000000,-0.0142857142857143,0.1000000000000000,-0.1142857142857143,0.0571428571428571,0.0000000000000000,0.0714285714285714,-0.0142857142857143,-0.1428571428571428,-0.0428571428571429,-0.2857142857142857,-0.0571428571428571,-0.3857142857142857,-0.1285714285714286,0.0857142857142857,-0.2285714285714286,-0.1285714285714286,-0.2857142857142857,-0.2714285714285714,-0.3285714285714286,-0.3857142857142857,-0.2428571428571429,0.1428571428571428,-0.2857142857142857,0.0714285714285714,-0.2428571428571429,0.1571428571428571,-0.2000000000000000,0.2142857142857143,-0.3285714285714286,0.2000000000000000,-0.3285714285714286,0.1714285714285714,-0.2857142857142857,0.2285714285714286,-0.2428571428571429,0.2857142857142857,0.1714285714285714,-0.5000000000000000,0.1142857142857143,-0.7000000000000000,-0.0428571428571429,-0.8285714285714286,-0.2000000000000000,-0.9000000000000000,-0.3142857142857143,-1.0000000000000000,-0.3285714285714286,-0.6142857142857143,-0.5285714285714286,-0.5714285714285714,-0.6714285714285714,-0.5428571428571428,-0.7857142857142857,-0.5142857142857142,-0.3285714285714286,-0.4714285714285714,-0.5571428571428572,-0.4428571428571428,-0.7142857142857143,-0.4142857142857143,-0.8571428571428571,-0.3714285714285714,-0.3000000000000000,-0.3571428571428572,-0.5142857142857142,-0.3285714285714286,-0.6428571428571429,-0.3000000000000000,-0.7714285714285715,-0.2857142857142857,-0.2285714285714286,-0.2571428571428571,-0.3857142857142857,-0.2285714285714286,-0.5000000000000000,-0.2142857142857143,-0.6000000000000000,-0.2000000000000000
N,0.2421052631578947,-0.2842105263157895,0.1789473684210526,-0.4526315789473684,0.1368421052631579,-0.6000000000000000,0.1157894736842105,-0.7263157894736842,0.0947368421052632,-0.8526315789473684,0.3894736842105263,-0.6842105263157895,0.5157894736842106,-0.8315789473684211,0.6000000000000000,-0.9368421052631579,0.6842105263157895,-1.0000000000000000,0.4736842105263158,-0.6000000000000000,0.6421052631578947,-0.7473684210526316,0.7473684210526316,-0.8315789473684211,0.8526315789473684,-0.8736842105263158,0.5157894736842106,-0.4947368421052631,0.7052631578947368,-0.6000000000000000,0.8105263157894737,-0.6631578947368421,0.9157894736842105,-0.7263157894736842,0.5578947368421052,-0.3684210526315789,0.7052631578947368,-0.3894736842105263,0.7894736842105263,-0.4105263157894737,0.8736842105263158,-0.4315789473684211,-0.2421052631578947,0.2842105263157895,-0.3052631578947368,0.1789473684210526,-0.2421052631578947,0.0315789473684211,-0.1578947368421053,-0.0315789473684211,-0.0736842105263158,-0.0526315789473684,-0.1789473684210526,0.0105263157894737,-0.0736842105263158,-0.1157894736842105,-0.0105263157894737,-0.2000000000000000,0.0526315789473684,-0.2631578947368421,-0.1157894736842105,0.0736842105263158,0.0315789473684211,-0.0315789473684211,0.1157894736842105,-0.0947368421052632,0.2000000000000000,-0.1368421052631579,-0.0526315789473684,0.1578947368421053,0.0526315789473684,0.0947368421052632,0.0105263157894737,0.1157894736842105,-0.0315789473684211,0.1578947368421053,-0.0105263157894737,0.2421052631578947,0.0736842105263158,0.2000000000000000,0.0315789473684211,0.2210526315789474,-0.0105263157894737,0.2421052631578947
N,0.1196581196581197,-0.2820512820512820,0.0170940170940171,-0.4017094017094017,-0.0170940170940171,-0.5555555555555556,-0.0512820512820513,-0.6923076923076923,-0.0683760683760684,-0.7777777777777778,0.1880341880341880,-0.6923076923076923,0.2564102564102564,-0.8461538461538461,0.3076923076923077,-0.9316239316239316,0.3418803418803419,-1.0000000000000000,0.2735042735042735,-0.6410256410256411,0.3931623931623932,-0.7948717948717948,0.4615384615384616,-0.8803418803418803,0.5128205128205128,-0.9487179487179487,0.3418803418803419,-0.5726495726495726,0.4615384615384616,-0.7094017094017094,0.5299145299145299,-0.7777777777777778,0.5982905982905983,-0.8290598290598291,0.3931623931623932,-0.4700854700854701,0.4957264957264957,-0.5555555555555556,0.5641025641025641,-0.5897435897435898,0.6153846153846154,-0.6410256410256411,-0.1196581196581197,0.2820512820512820,-0.1880341880341880,0.1452991452991453,-0.1709401709401709,0.0256410256410256,-0.0854700854700855,-0.0427350427350427,-0.0170940170940171,-0.0598290598290598,-0.0854700854700855,-0.0769230769230769,-0.0170940170940171,-0.2136752136752137,0.0341880341880342,-0.3162393162393162,0.0512820512820513,-0.3846153846153846,0.0000000000000000,-0.0427350427350427,0.1025641025641026,-0.1452991452991453,0.1538461538461539,-0.2307692307692308,0.2051282051282051,-0.2820512820512820,0.0683760683760684,0.0256410256410256,0.1538461538461539,-0.0085470085470085,0.1196581196581197,0.0256410256410256,0.0854700854700855,0.0598290598290598,0.1196581196581197,0.1111111111111111,0.1880341880341880,0.0769230769230769,0.1538461538461539,0.0940170940170940,0.1196581196581197,0.1282051282051282
N,0.1680000000000000,-0.2640000000000000,0.1200000000000000,-0.4240000000000000,0.1040000000000000,-0.6000000000000000,0.1200000000000000,-0.7440000000000000,0.1200000000000000,-0.8560000000000000,0.2640000000000000,-0.6800000000000000,0.3440000000000000,-0.8400000000000000,0.3920000000000000,-0.9360000000000001,0.4400000000000000,-1.0000000000000000,0.3280000000000000,-0.6320000000000000,0.4240000000000000,-0.7760000000000000,0.4880000000000000,-0.8720000000000000,0.5360000000000000,-0.9200000000000000,0.3760000000000000,-0.5520000000000000,0.4720000000000000,-0.6640000000000000,0.5360000000000000,-0.7280000000000000,0.5840000000000000,-0.7920000000000000,0.3920000000000000,-0.4560000000000000,0.4880000000000000,-0.5040000000000000,0.5360000000000000,-0.5200000000000000,0.6000000000000000,-0.5520000000000000,-0.1680000000000000,0.2640000000000000,-0.1520000000000000,0.1040000000000000,-0.0400000000000000,0.0240000000000000,0.0400000000000000,0.0400000000000000,0.1200000000000000,0.0720000000000000,-0.0080000000000000,-0.0720000000000000,0.0560000000000000,-0.2000000000000000,0.1040000000000000,-0.2960000000000000,0.1360000000000000,-0.3760000000000000,0.0560000000000000,-0.0080000000000000,0.1680000000000000,-0.1680000000000000,0.2160000000000000,-0.2640000000000000,0.2640000000000000,-0.3440000000000000,0.1040000000000000,0.0720000000000000,0.2000000000000000,0.0400000000000000,0.1520000000000000,0.0880000000000000,0.0880000000000000,0.1200000000000000,0.1200000000000000,0.1680000000000000,0.1840000000000000,0.1360000000000000,0.1360000000000000,0.1840000000000000,0.0880000000000000,0.2000000000000000
N,0.5528455284552846,0.1869918699186992,0.2926829268292683,0.3170731707317073,0.0487804878048781,0.4634146341463415,-0.0813008130081301,0.5934959349593496,-0.1788617886178862,0.7235772357723578,-0.0162601626016260,0.4146341463414634,-0.1463414634146341,0.6097560975609756,-0.2276422764227642,0.7235772357723578,-0.2926829268292683,0.8536585365853658,0.0975609756097561,0.3821138211382114,0.0813008130081301,0.6585365853658537,0.0975609756097561,0.8373983739837398,0.0975609756097561,1.0000000000000000,0.2439024390243902,0.3495934959349594,0.2113821138211382,0.6097560975609756,0.2113821138211382,0.8048780487804879,0.2113821138211382,0.9512195121951219,0.3902439024390244,0.3333333333333333,0.3739837398373984,0.5447154471544715,0.3739837398373984,0.6747967479674797,0.3739837398373984,0.7723577235772358,-0.5528455284552846,-0.1869918699186992,-0.2601626016260163,-0.1382113821138211,0.0487804878048781,0.0406504065040650,0.2113821138211382,0.2520325203252032,0.2439024390243902,0.4308943089430894,0.0487804878048781,0.0081300813008130,0.2276422764227642,0.3821138211382114,0.2601626016260163,0.6260162601626016,0.2601626016260163,0.8048780487804879,-0.1138211382113821,0.0569105691056911,0.0000000000000000,0.4796747967479675,-0.0162601626016260,0.7235772357723578,-0.0487804878048781,0.9186991869918699,-0.2926829268292683,0.1219512195121951,-0.1788617886178862,0.5447154471544715,-0.1951219512195122,0.7723577235772358,-0.2276422764227642,0.9186991869918699,-0.4715447154471545,0.1869918699186992,-0.3577235772357724,0.5447154471544715,-0.3414634146341464,0.7073170731707317,-0.3577235772357724,0.8373983739837398
N,0.2164948453608248,-0.2989690721649484,0.1134020618556701,-0.4226804123711340,0.0927835051546392,-0.5876288659793815,0.0721649484536082,-0.7113402061855670,0.0515463917525773,-0.8350515463917526,0.3402061855670103,-0.6701030927835051,0.4639175257731959,-0.8350515463917526,0.5463917525773195,-0.9175257731958762,0.6288659793814433,-1.0000000000000000,0.4432989690721649,-0.6082474226804123,0.5876288659793815,-0.7525773195876289,0.7113402061855670,-0.8556701030927835,0.7938144329896907,-0.9175257731958762,0.5051546391752577,-0.5051546391752577,0.6701030927835051,-0.6288659793814433,0.7731958762886598,-0.7113402061855670,0.8556701030927835,-0.7525773195876289,0.5463917525773195,-0.4020618556701031,0.6907216494845361,-0.4432989690721649,0.7938144329896907,-0.4845360824742268,0.8762886597938144,-0.5257731958762887,-0.2164948453608248,0.2989690721649484,-0.2371134020618557,0.1958762886597938,-0.1958762886597938,0.0721649484536082,-0.0927835051546392,0.0309278350515464,-0.0103092783505155,0.0103092783505155,-0.1340206185567010,0.0309278350515464,-0.0309278350515464,-0.0927835051546392,0.0309278350515464,-0.1752577319587629,0.0721649484536082,-0.2164948453608248,-0.0515463917525773,0.0927835051546392,0.0721649484536082,-0.0103092783505155,0.1546391752577320,-0.0721649484536082,0.2164948453608248,-0.1134020618556701,-0.0103092783505155,0.1752577319587629,0.1134020618556701,0.1340206185567010,0.1134020618556701,0.1546391752577320,0.0927835051546392,0.1752577319587629,0.0103092783505155,0.2577319587628866,0.0927835051546392,0.2371134020618557,0.0927835051546392,0.2577319587628866,0.0927835051546392,0.2577319587628866
N,0.1181818181818182,-0.2727272727272727,0.0272727272727273,-0.4000000000000000,-0.0272727272727273,-0.5272727272727272,-0.0636363636363636,-0.6545454545454545,-0.0818181818181818,-0.7636363636363637,0.1909090909090909,-0.6727272727272727,0.2636363636363636,-0.8363636363636363,0.3181818181818182,-0.9272727272727272,0.3727272727272727,-1.0000000000000000,0.2818181818181818,-0.6181818181818182,0.3909090909090909,-0.7818181818181819,0.4636363636363636,-0.8727272727272727,0.5363636363636364,-0.9454545454545454,0.3545454545454546,-0.5454545454545454,0.4636363636363636,-0.6727272727272727,0.5545454545454546,-0.7636363636363637,0.6090909090909091,-0.8181818181818182,0.4090909090909091,-0.4545454545454545,0.5181818181818182,-0.5272727272727272,0.5909090909090909,-0.5636363636363636,0.6454545454545455,-0.6000000000000000,-0.1181818181818182,0.2727272727272727,-0.1727272727272727,0.1636363636363636,-0.1545454545454545,0.0545454545454545,-0.1000000000000000,0.0000000000000000,-0.0272727272727273,-0.0181818181818182,-0.1000000000000000,-0.0181818181818182,-0.0454545454545455,-0.1454545454545454,-0.0090909090909091,-0.2181818181818182,0.0272727272727273,-0.2727272727272727,-0.0272727272727273,0.0000000000000000,0.0454545454545455,-0.0909090909090909,0.1000000000000000,-0.1636363636363636,0.1545454545454545,-0.2000000000000000,0.0454545454545455,0.0545454545454545,0.1000000000000000,0.0000000000000000,0.0818181818181818,0.0545454545454545,0.0454545454545455,0.0909090909090909,0.1000000000000000,0.1272727272727273,0.1545454545454545,0.0909090909090909,0.1363636363636364,0.1090909090909091,0.1000000000000000,0.1454545454545454
N,0.2655367231638418,-0.2316384180790960,0.1638418079096045,-0.3559322033898305,0.1186440677966102,-0.5028248587570622,0.1073446327683616,-0.6384180790960452,0.0847457627118644,-0.7514124293785310,0.4237288135593220,-0.6384180790960452,0.5480225988700564,-0.7627118644067796,0.6384180790960452,-0.8531073446327684,0.7175141242937854,-0.9096045197740112,0.5254237288135594,-0.5706214689265536,0.6949152542372882,-0.6949152542372882,0.8192090395480226,-0.7740112994350282,0.9209039548022598,-0.8305084745762712,0.5932203389830508,-0.4689265536723164,0.7740112994350282,-0.5819209039548022,0.8983050847457628,-0.6497175141242938,1.0000000000000000,-0.6949152542372882,0.6271186440677966,-0.3559322033898305,0.7966101694915254,-0.4011299435028249,0.9096045197740112,-0.4463276836158192,1.0000000000000000,-0.4689265536723164,-0.2655367231638418,0.2316384180790960,-0.2203389830508475,0.0621468926553672,-0.0960451977401130,-0.0282485875706215,0.0282485875706215,-0.0169491525423729,0.1186440677966102,0.0282485875706215,-0.0508474576271186,-0.0847457627118644,0.0847457627118644,-0.2316384180790960,0.1638418079096045,-0.3220338983050847,0.2316384180790960,-0.3898305084745763,0.0282485875706215,0.0056497175141243,0.2316384180790960,-0.1299435028248588,0.3446327683615819,-0.1977401129943503,0.4350282485875706,-0.2655367231638418,0.0734463276836158,0.1299435028248588,0.2655367231638418,0.0960451977401130,0.2203389830508475,0.1299435028248588,0.1525423728813559,0.1412429378531073,0.0847457627118644,0.2316384180790960,0.2203389830508475,0.2203389830508475,0.1751412429378531,0.2316384180790960,0.1186440677966102,0.2316384180790960
N,0.1949152542372881,-0.2711864406779661,0.1440677966101695,-0.4237288135593220,0.1440677966101695,-0.6101694915254238,0.1779661016949153,-0.7457627118644068,0.1779661016949153,-0.8644067796610170,0.3305084745762712,-0.6779661016949152,0.4322033898305085,-0.8305084745762712,0.4830508474576271,-0.9322033898305084,0.5338983050847458,-1.0000000000000000,0.3813559322033898,-0.6101694915254238,0.5000000000000000,-0.7627118644067796,0.5847457627118644,-0.8474576271186440,0.6355932203389830,-0.9152542372881356,0.4152542372881356,-0.5254237288135594,0.5338983050847458,-0.6440677966101694,0.6186440677966102,-0.7118644067796610,0.6694915254237288,-0.7627118644067796,0.4322033898305085,-0.4237288135593220,0.5338983050847458,-0.4745762711864407,0.6016949152542372,-0.4915254237288136,0.6694915254237288,-0.5254237288135594,-0.1949152542372881,0.2711864406779661,-0.1610169491525424,0.1016949152542373,-0.0593220338983051,0.0000000000000000,0.0254237288135593,0.0000000000000000,0.0932203389830508,0.0338983050847458,0.0254237288135593,-0.0677966101694915,0.1101694915254237,-0.2033898305084746,0.1949152542372881,-0.3050847457627119,0.2457627118644068,-0.3728813559322034,0.0762711864406780,0.0169491525423729,0.1779661016949153,-0.0677966101694915,0.1779661016949153,-0.0847457627118644,0.1610169491525424,-0.0847457627118644,0.1101694915254237,0.1016949152542373,0.1610169491525424,0.0677966101694915,0.1101694915254237,0.0847457627118644,0.0762711864406780,0.1186440677966102,0.1101694915254237,0.2033898305084746,0.1440677966101695,0.1694915254237288,0.0932203389830508,0.1864406779661017,0.0593220338983051,0.2203389830508475
N,0.6173913043478261,0.2347826086956522,0.4086956521739131,0.3217391304347826,0.2173913043478261,0.4434782608695652,0.1130434782608696,0.5826086956521739,0.0434782608695652,0.7043478260869566,0.1304347826086956,0.4086956521739131,0.0608695652173913,0.5478260869565217,0.0086956521739130,0.6521739130434783,-0.0260869565217391,0.7565217391304347,0.2347826086956522,0.3739130434782609,0.2000000000000000,0.6869565217391305,0.1826086956521739,0.8608695652173913,0.1826086956521739,1.0000000000000000,0.3739130434782609,0.3913043478260870,0.3217391304347826,0.6695652173913044,0.3043478260869565,0.8434782608695652,0.2869565217391304,0.9652173913043478,0.5304347826086957,0.3913043478260870,0.4782608695652174,0.6000000000000000,0.4608695652173913,0.7391304347826086,0.4434782608695652,0.8434782608695652,-0.6173913043478261,-0.2347826086956522,-0.3217391304347826,-0.2695652173913043,0.0086956521739130,-0.1478260869565217,0.2000000000000000,0.0434782608695652,0.2695652173913043,0.2521739130434782,0.0434782608695652,-0.0260869565217391,0.2347826086956522,0.3739130434782609,0.2869565217391304,0.6173913043478261,0.3043478260869565,0.8086956521739130,-0.0608695652173913,0.0260869565217391,0.0608695652173913,0.4608695652173913,0.0608695652173913,0.7043478260869566,0.0086956521739130,0.8608695652173913,-0.2173913043478261,0.1304347826086956,-0.0260869565217391,0.5478260869565217,-0.0086956521739130,0.7565217391304347,-0.0434782608695652,0.8956521739130435,-0.3565217391304348,0.2173913043478261,-0.2173913043478261,0.5304347826086957,-0.1826086956521739,0.7217391304347827,-0.2000000000000000,0.8608695652173913
O,0.0000000000000000,0.0000000000000000,0.0000000000000000,0.0000000000000000,0.0000000000000000,0.0000000000000000,0.0000000000000000,0.0000000000000000,0.0000000000000000,0.0000000000000000,0.0000000000000000,0.0000000000000000,0.0000000000000000,0.0000000000000000,0.0000000000000000,0.0000000000000000,0.0000000000000000,0.0000000000000000,0.0000000000000000,0.0000000000000000,0.0000000000000000,0.0000000000000000,0.0000000000000000,0.0000000000000000,0.0000000000000000,0.0000000000000000,0.0000000000000000,0.0000000000000000,0.0000000000000000,0.0000000000000000,0.0000000000000000,0.0000000000000000,0.0000000000000000,0.0000000000000000,0.0000000000000000,0.0000000000000000,0.0000000000000000,0.0000000000000000,0.0000000000000000,0.0000000000000000,0.0000000000000000,0.0000000000000000,0.0000000000000000,0.0000000000000000,-0.3961661341853035,-0.1629392971246006,-0.5335463258785943,-0.5654952076677316,-0.3801916932907348,-0.8881789137380192,-0.1629392971246006,-0.9616613418530351,-0.3450479233226837,-0.4888178913738019,-0.3099041533546326,-0.7220447284345048,-0.2619808306709265,-0.8274760383386581,-0.2236421725239617,-0.8977635782747604,-0.1214057507987220,-0.5239616613418531,-0.0990415335463259,-0.7891373801916933,-0.1054313099041534,-0.9392971246006390,-0.1341853035143770,-1.0000000000000000,0.0383386581469649,-0.5527156549520766,0.0511182108626198,-0.8434504792332268,0.0000000000000000,-0.9169329073482428,-0.0607028753993610,-0.9073482428115016,0.1757188498402556,-0.5814696485623003,0.1469648562300319,-0.8178913738019169,0.0702875399361022,-0.8849840255591054,0.0031948881789137,-0.8722044728434505
O,0.0000000000000000,0.0000000000000000,0.0000000000000000,0.0000000000000000,0.0000000000000000,0.0000000000000000,0.0000000000000000,0.0000000000000000,0.0000000000000000,0.0000000000000000,0.0000000000000000,0.0000000000000000,0.0000000000000000,0.0000000000000000,0.0000000000000000,0.0000000000000000,0.0000000000000000,0.0000000000000000,0.0000000000000000,0.0000000000000000,0.0000000000000000,0.0000000000000000,0.0000000000000000,0.0000000000000000,0.0000000000000000,0.0000000000000000,0.0000000000000000,0.0000000000000000,0.0000000000000000,0.0000000000000000,0.0000000000000000,0.0000000000000000,0.0000000000000000,0.0000000000000000,0.0000000000000000,0.0000000000000000,0.0000000000000000,0.0000000000000000,0.0000000000000000,0.0000000000000000,0.0000000000000000,0.0000000000000000,0.0000000000000000,0.0000000000000000,0.3745318352059925,-0.1460674157303371,0.6629213483146067,-0.3520599250936330,0.8988764044943820,-0.5168539325842697,1.0000000000000000,-0.7265917602996255,0.2134831460674157,-0.8202247191011236,0.5056179775280899,-0.9962546816479401,0.7228464419475655,-0.9101123595505618,0.8426966292134831,-0.7977528089887640,0.1535580524344569,-0.7827715355805244,0.4943820224719101,-0.9700374531835206,0.7378277153558053,-0.8951310861423221,0.8689138576779026,-0.7640449438202247,0.1460674157303371,-0.7490636704119851,0.4719101123595505,-0.9138576779026217,0.6928838951310862,-0.8202247191011236,0.8127340823970037,-0.7116104868913857,0.1460674157303371,-0.7415730337078652,0.4456928838951311,-0.8501872659176030,0.6404494382022472,-0.8052434456928839,0.7602996254681648,-0.7490636704119851
O,0.0000000000000000,0.0000000000000000,0.0000000000000000,0.0000000000000000,0.0000000000000000,0.0000000000000000,0.0000000000000000,0.0000000000000000,0.0000000000000000,0.0000000000000000,0.0000000000000000,0.0000000000000000,0.0000000000000000,0.0000000000000000,0.0000000000000000,0.0000000000000000,0.0000000000000000,0.0000000000000000,0.0000000000000000,0.0000000000000000,0.0000000000000000,0.0000000000000000,0.0000000000000000,0.0000000000000000,0.0000000000000000,0.0000000000000000,0.0000000000000000,0.0000000000000000,0.0000000000000000,0.0000000000000000,0.0000000000000000,0.0000000000000000,0.0000000000000000,0.0000000000000000,0.0000000000000000,0.0000000000000000,0.0000000000000000,0.0000000000000000,0.0000000000000000,0.0000000000000000,0.0000000000000000,0.0000000000000000,0.0000000000000000,0.0000000000000000,0.2956810631229236,-0.1495016611295681,0.5481727574750831,-0.3720930232558139,0.7641196013289037,-0.5282392026578073,0.8770764119601329,-0.7142857142857143,0.1196013289036545,-0.7940199335548173,0.4119601328903654,-1.0000000000000000,0.6212624584717608,-0.9102990033222591,0.7375415282392026,-0.7774086378737541,0.0897009966777409,-0.7508305647840532,0.4119601328903654,-0.9634551495016611,0.6411960132890365,-0.8737541528239202,0.7607973421926910,-0.7375415282392026,0.1029900332225914,-0.7009966777408638,0.4053156146179402,-0.8903654485049833,0.6146179401993356,-0.8073089700996677,0.7275747508305648,-0.7009966777408638,0.1262458471760797,-0.6744186046511628,0.3720930232558139,-0.7873754152823921,0.5415282392026578,-0.7541528239202658,0.6511627906976745,-0.6976744186046512
O,0.0000000000000000,0.0000000000000000,0.0000000000000000,0.0000000000000000,0.0000000000000000,0.0000000000000000,0.0000000000000000,0.0000000000000000,0.0000000000000000,0.0000000000000000,0.0000000000000000,0.0000000000000000,0.0000000000000000,0.0000000000000000,0.0000000000000000,0.0000000000000000,0.0000000000000000,0.0000000000000000,0.0000000000000000,0.0000000000000000,0.0000000000000000,0.0000000000000000,0.0000000000000000,0.0000000000000000,0.0000000000000000,0.0000000000000000,0.0000000000000000,0.0000000000000000,0.0000000000000000,0.0000000000000000,0.0000000000000000,0.0000000000000000,0.0000000000000000,0.0000000000000000,0.0000000000000000,0.0000000000000000,0.0000000000000000,0.0000000000000000,0.0000000000000000,0.0000000000000000,0.0000000000000000,0.0000000000000000,0.0000000000000000,0.0000000000000000,0.0384615384615385,-0.4423076923076923,0.3615384615384615,-0.8153846153846154,0.7615384615384615,-0.8423076923076923,0.9192307692307692,-0.6384615384615384,0.4538461538461538,-0.2653846153846154,0.7076923076923077,-0.3615384615384615,0.7884615384615384,-0.4961538461538462,0.8346153846153846,-0.5961538461538461,0.5807692307692308,-0.1230769230769231,0.8807692307692307,-0.3115384615384615,0.9346153846153846,-0.5000000000000000,0.8807692307692307,-0.6115384615384616,0.6692307692307692,-0.0384615384615385,0.9730769230769231,-0.3000000000000000,0.9269230769230770,-0.4961538461538462,0.8038461538461539,-0.5884615384615385,0.7346153846153847,0.0384615384615385,0.9884615384615385,-0.2307692307692308,1.0000000000000000,-0.4269230769230769,0.9269230769230770,-0.5346153846153846
O,0.0000000000000000,0.0000000000000000,0.0000000000000000,0.0000000000000000,0.0000000000000000,0.0000000000000000,0.0000000000000000,0.0000000000000000,0.0000000000000000,0.0000000000000000,0.0000000000000000,0.0000000000000000,0.0000000000000000,0.0000000000000000,0.0000000000000000,0.0000000000000000,0.0000000000000000,0.0000000000000000,0.0000000000000000,0.0000000000000000,0.0000000000000000,0.0000000000000000,0.0000000000000000,0.0000000000000000,0.0000000000000000,0.0000000000000000,0.0000000000000000,0.0000000000000000,0.0000000000000000,0.0000000000000000,0.0000000000000000,0.0000000000000000,0.0000000000000000,0.0000000000000000,0.0000000000000000,0.0000000000000000,0.0000000000000000,0.0000000000000000,0.0000000000000000,0.0000000000000000,0.0000000000000000,0.0000000000000000,0.0000000000000000,0.0000000000000000,-0.0208955223880597,-0.3940298507462687,0.2298507462686567,-0.8208955223880597,0.5552238805970149,-1.0000000000000000,0.7582089552238805,-0.9402985074626866,0.5791044776119403,-0.4000000000000000,0.8417910447761194,-0.5940298507462687,0.8776119402985074,-0.7641791044776119,0.8507462686567164,-0.8776119402985074,0.6447761194029851,-0.2716417910447761,0.8656716417910447,-0.5582089552238806,0.8388059701492537,-0.7402985074626866,0.7611940298507462,-0.8268656716417910,0.6626865671641791,-0.1910447761194030,0.8447761194029850,-0.4895522388059702,0.7761194029850746,-0.6656716417910448,0.6925373134328359,-0.7522388059701492,0.6298507462686567,-0.1194029850746269,0.7820895522388059,-0.3940298507462687,0.7641791044776119,-0.5522388059701493,0.7074626865671642,-0.6268656716417911
O,0.0000000000000000,0.0000000000000000,-0.3928571428571428,0.1071428571428571,-0.6964285714285714,-0.0178571428571429,-0.9285714285714286,-0.1250000000000000,-1.0000000000000000,-0.3035714285714285,-0.4285714285714285,-0.5357142857142857,-0.6964285714285714,-0.6071428571428571,-0.8214285714285714,-0.5000000000000000,-0.8214285714285714,-0.3214285714285715,-0.3928571428571428,-0.6785714285714286,-0.7678571428571429,-0.7857142857142857,-0.9107142857142857,-0.6071428571428571,-0.9107142857142857,-0.4107142857142857,-0.3928571428571428,-0.7678571428571429,-0.8035714285714286,-0.9107142857142857,-0.9464285714285714,-0.6964285714285714,-0.9107142857142857,-0.4821428571428572,-0.4285714285714285,-0.8214285714285714,-0.8214285714285714,-0.9107142857142857,-1.0000000000000000,-0.7321428571428571,-1.0000000000000000,-0.5178571428571429,0.0000000000000000,0.0000000000000000,0.0000000000000000,0.0000000000000000,0.0000000000000000,0.0000000000000000,0.0000000000000000,0.0000000000000000,0.0000000000000000,0.0000000000000000,0.0000000000000000,0.0000000000000000,0.0000000000000000,0.0000000000000000,0.0000000000000000,0.0000000000000000,0.0000000000000000,0.0000000000000000,0.0000000000000000,0.0000000000000000,0.0000000000000000,0.0000000000000000,0.0000000000000000,0.0000000000000000,0.0000000000000000,0.0000000000000000,0.0000000000000000,0.0000000000000000,0.0000000000000000,0.0000000000000000,0.0000000000000000,0.0000000000000000,0.0000000000000000,0.0000000000000000,0.0000000000000000,0.0000000000000000,0.0000000000000000,0.0000000000000000,0.0000000000000000,0.0000000000000000,0.0000000000000000,0.0000000000000000
O,0.0000000000000000,0.0000000000000000,-0.3703703703703703,0.1111111111111111,-0.7037037037037037,0.0000000000000000,-0.9259259259259259,-0.1296296296296296,-1.0000000000000000,-0.3148148148148148,-0.5185185185185185,-0.3888888888888889,-0.7407407407407407,-0.4629629629629630,-0.8333333333333334,-0.3888888888888889,-0.8333333333333334,-0.2592592592592592,-0.5000000000000000,-0.5370370370370371,-0.7592592592592593,-0.6111111111111112,-0.8518518518518519,-0.4814814814814815,-0.8518518518518519,-0.3333333333333333,-0.4444444444444444,-0.6666666666666666,-0.7407407407407407,-0.7962962962962963,-0.8518518518518519,-0.6296296296296297,-0.8333333333333334,-0.4444444444444444,-0.4074074074074074,-0.7962962962962963,-0.6851851851851852,-0.9444444444444444,-0.8333333333333334,-0.8148148148148148,-0.8703703703703703,-0.6296296296296297,0.0000000000000000,0.0000000000000000,0.0000000000000000,0.0000000000000000,0.0000000000000000,0.0000000000000000,0.0000000000000000,0.0000000000000000,0.0000000000000000,0.0000000000000000,0.0000000000000000,0.0000000000000000,0.0000000000000000,0.0000000000000000,0.0000000000000000,0.0000000000000000,0.0000000000000000,0.0000000000000000,0.0000000000000000,0.0000000000000000,0.0000000000000000,0.0000000000000000,0.0000000000000000,0.0000000000000000,0.0000000000000000,0.0000000000000000,0.0000000000000000,0.0000000000000000,0.0000000000000000,0.0000000000000000,0.0000000000000000,0.0000000000000000,0.0000000000000000,0.0000000000000000,0.0000000000000000,0.0000000000000000,0.0000000000000000,0.0000000000000000,0.0000000000000000,0.0000000000000000,0.0000000000000000,0.0000000000000000
O,0.0000000000000000,0.0000000000000000,-0.3970588235294117,0.0441176470588235,-0.6617647058823529,-0.0588235294117647,-0.8676470588235294,-0.1176470588235294,-1.0000000000000000,-0.2205882352941176,-0.4264705882352941,-0.6764705882352942,-0.8235294117647058,-0.7352941176470589,-0.9411764705882353,-0.5294117647058824,-0.9264705882352942,-0.3382352941176471,-0.4264705882352941,-0.6911764705882353,-0.8676470588235294,-0.7647058823529411,-0.9852941176470589,-0.5147058823529411,-0.9264705882352942,-0.3382352941176471,-0.4558823529411765,-0.6176470588235294,-0.8970588235294118,-0.7205882352941176,-1.0000000000000000,-0.4852941176470588,-0.9411764705882353,-0.3088235294117647,-0.5294117647058824,-0.4852941176470588,-0.8970588235294118,-0.5735294117647058,-0.9852941176470589,-0.4117647058823529,-0.9264705882352942,-0.2647058823529412,0.0000000000000000,0.0000000000000000,0.0000000000000000,0.0000000000000000,0.0000000000000000,0.0000000000000000,0.0000000000000000,0.0000000000000000,0.0000000000000000,0.0000000000000000,0.0000000000000000,0.0000000000000000,0.0000000000000000,0.0000000000000000,0.0000000000000000,0.0000000000000000,0.0000000000000000,0.0000000000000000,0.0000000000000000,0.0000000000000000,0.0000000000000000,0.0000000000000000,0.0000000000000000,0.0000000000000000,0.0000000000000000,0.0000000000000000,0.0000000000000000,0.0000000000000000,0.0000000000000000,0.0000000000000000,0.0000000000000000,0.0000000000000000,0.0000000000000000,0.0000000000000000,0.0000000000000000,0.0000000000000000,0.0000000000000000,0.0000000000000000,0.0000000000000000,0.0000000000000000,0.0000000000000000,0.0000000000000000
O,0.0000000000000000,0.0000000000000000,0.0000000000000000,0.0000000000000000,0.0000000000000000,0.0000000000000000,0.0000000000000000,0.0000000000000000,0.0000000000000000,0.0000000000000000,0.0000000000000000,0.0000000000000000,0.0000000000000000,0.0000000000000000,0.0000000000000000,0.0000000000000000,0.0000000000000000,0.0000000000000000,0.0000000000000000,0.0000000000000000,0.0000000000000000,0.0000000000000000,0.0000000000000000,0.0000000000000000,0.0000000000000000,0.0000000000000000,0.0000000000000000,0.0000000000000000,0.0000000000000000,0.0000000000000000,0.0000000000000000,0.0000000000000000,0.0000000000000000,0.0000000000000000,0.0000000000000000,0.0000000000000000,0.0000000000000000,0.0000000000000000,0.0000000000000000,0.0000000000000000,0.0000000000000000,0.0000000000000000,0.0000000000000000,0.0000000000000000,0.3181818181818182,0.0000000000000000,0.5681818181818182,-0.1590909090909091,0.7500000000000000,-0.2727272727272727,0.7727272727272727,-0.3863636363636364,0.3181818181818182,-0.6818181818181818,0.5227272727272727,-0.9318181818181818,0.7272727272727273,-0.8181818181818182,0.8409090909090909,-0.6136363636363636,0.2500000000000000,-0.7272727272727273,0.4545454545454545,-1.0000000000000000,0.7272727272727273,-0.8636363636363636,0.8181818181818182,-0.6590909090909091,0.2272727272727273,-0.7272727272727273,0.4545454545454545,-0.9545454545454546,0.7272727272727273,-0.8409090909090909,0.8181818181818182,-0.6590909090909091,0.2500000000000000,-0.6363636363636364,0.4772727272727273,-0.7954545454545454,0.6818181818181818,-0.7272727272727273,0.7727272727272727,-0.5909090909090909
O,0.0000000000000000,0.0000000000000000,0.0000000000000000,0.0000000000000000,0.0000000000000000,0.0000000000000000,0.0000000000000000,0.0000000000000000,0.0000000000000000,0.0000000000000000,0.0000000000000000,0.0000000000000000,0.0000000000000000,0.0000000000000000,0.0000000000000000,0.0000000000000000,0.0000000000000000,0.0000000000000000,0.0000000000000000,0.0000000000000000,0.0000000000000000,0.0000000000000000,0.0000000000000000,0.0000000000000000,0.0000000000000000,0.0000000000000000,0.0000000000000000,0.0000000000000000,0.0000000000000000,0.0000000000000000,0.0000000000000000,0.0000000000000000,0.0000000000000000,0.0000000000000000,0.0000000000000000,0.0000000000000000,0.0000000000000000,0.0000000000000000,0.0000000000000000,0.0000000000000000,0.0000000000000000,0.0000000000000000,0.0000000000000000,0.0000000000000000,0.3508771929824561,-0.1754385964912281,0.5438596491228070,-0.3508771929824561,0.7192982456140351,-0.4912280701754386,0.6666666666666666,-0.5964912280701754,0.2280701754385965,-0.7543859649122807,0.4210526315789473,-0.9649122807017544,0.5964912280701754,-0.8421052631578947,0.6666666666666666,-0.6666666666666666,0.1578947368421053,-0.7368421052631579,0.4210526315789473,-1.0000000000000000,0.6140350877192983,-0.8421052631578947,0.6842105263157895,-0.6666666666666666,0.1578947368421053,-0.7017543859649122,0.3859649122807017,-0.9649122807017544,0.5964912280701754,-0.8245614035087719,0.6666666666666666,-0.6666666666666666,0.1754385964912281,-0.5964912280701754,0.4035087719298245,-0.7543859649122807,0.5789473684210527,-0.7017543859649122,0.6666666666666666,-0.5789473684210527
O,0.0000000000000000,0.0000000000000000,0.0000000000000000,0.0000000000000000,0.0000000000000000,0.0000000000000000,0.0000000000000000,0.0000000000000000,0.0000000000000000,0.0000000000000000,0.0000000000000000,0.0000000000000000,0.0000000000000000,0.0000000000000000,0.0000000000000000,0.0000000000000000,0.0000000000000000,0.0000000000000000,0.0000000000000000,0.0000000000000000,0.0000000000000000,0.0000000000000000,0.0000000000000000,0.0000000000000000,0.0000000000000000,0.0000000000000000,0.0000000000000000,0.0000000000000000,0.0000000000000000,0.0000000000000000,0.0000000000000000,0.0000000000000000,0.0000000000000000,0.0000000000000000,0.0000000000000000,0.0000000000000000,0.0000000000000000,0.0000000000000000,0.0000000000000000,0.0000000000000000,0.0000000000000000,0.0000000000000000,0.0000000000000000,0.0000000000000000,0.2982456140350877,-0.1754385964912281,0.4912280701754386,-0.3508771929824561,0.6666666666666666,-0.4912280701754386,0.5964912280701754,-0.5614035087719298,0.1578947368421053,-0.7543859649122807,0.3684210526315789,-0.9473684210526315,0.5438596491228070,-0.8245614035087719,0.6140350877192983,-0.6842105263157895,0.0877192982456140,-0.7543859649122807,0.3684210526315789,-1.0000000000000000,0.5789473684210527,-0.8596491228070176,0.6315789473684210,-0.7017543859649122,0.0701754385964912,-0.7017543859649122,0.3508771929824561,-0.9473684210526315,0.5614035087719298,-0.8245614035087719,0.6315789473684210,-0.6666666666666666,0.1228070175438596,-0.6140350877192983,0.3508771929824561,-0.7719298245614035,0.5263157894736842,-0.7192982456140351,0.6140350877192983,-0.6140350877192983
O,0.0000000000000000,0.0000000000000000,0.0000000000000000,0.0000000000000000,0.0000000000000000,0.0000000000000000,0.0000000000000000,0.0000000000000000,0.0000000000000000,0.0000000000000000,0.0000000000000000,0.0000000000000000,0.0000000000000000,0.0000000000000000,0.0000000000000000,0.0000000000000000,0.0000000000000000,0.0000000000000000,0.0000000000000000,0.0000000000000000,0.0000000000000000,0.0000000000000000,0.0000000000000000,0.0000000000000000,0.0000000000000000,0.0000000000000000,0.0000000000000000,0.0000000000000000,0.0000000000000000,0.0000000000000000,0.0000000000000000,0.0000000000000000,0.0000000000000000,0.0000000000000000,0.0000000000000000,0.0000000000000000,0.0000000000000000,0.0000000000000000,0.0000000000000000,0.0000000000000000,0.0000000000000000,0.0000000000000000,0.0000000000000000,0.0000000000000000,0.3035714285714285,-0.1428571428571428,0.5178571428571429,-0.3214285714285715,0.7142857142857143,-0.4642857142857143,0.6428571428571429,-0.5535714285714286,0.1785714285714286,-0.7500000000000000,0.4107142857142857,-0.9821428571428571,0.5892857142857143,-0.8392857142857143,0.6607142857142857,-0.6785714285714286,0.1250000000000000,-0.7500000000000000,0.4107142857142857,-1.0000000000000000,0.6250000000000000,-0.8392857142857143,0.6785714285714286,-0.6607142857142857,0.1071428571428571,-0.6964285714285714,0.3750000000000000,-0.9464285714285714,0.5892857142857143,-0.8214285714285714,0.6607142857142857,-0.6607142857142857,0.1607142857142857,-0.5892857142857143,0.3928571428571428,-0.7500000000000000,0.5714285714285714,-0.6964285714285714,0.6607142857142857,-0.5892857142857143
O,0.0000000000000000,0.0000000000000000,0.0000000000000000,0.0000000000000000,0.0000000000000000,0.0000000000000000,0.0000000000000000,0.0000000000000000,0.0000000000000000,0.0000000000000000,0.0000000000000000,0.0000000000000000,0.0000000000000000,0.0000000000000000,0.0000000000000000,0.0000000000000000,0.0000000000000000,0.0000000000000000,0.0000000000000000,0.0000000000000000,0.0000000000000000,0.0000000000000000,0.0000000000000000,0.0000000000000000,0.0000000000000000,0.0000000000000000,0.0000000000000000,0.0000000000000000,0.0000000000000000,0.0000000000000000,0.0000000000000000,0.0000000000000000,0.0000000000000000,0.0000000000000000,0.0000000000000000,0.0000000000000000,0.0000000000000000,0.0000000000000000,0.0000000000000000,0.0000000000000000,0.0000000000000000,0.0000000000000000,0.0000000000000000,0.0000000000000000,0.2931034482758620,-0.1724137931034483,0.4655172413793103,-0.3620689655172414,0.6034482758620690,-0.5172413793103449,0.5344827586206896,-0.6034482758620690,0.1034482758620690,-0.7586206896551724,0.2931034482758620,-0.9827586206896551,0.4655172413793103,-0.8620689655172413,0.5344827586206896,-0.7241379310344828,0.0344827586206897,-0.7413793103448276,0.2586206896551724,-1.0000000000000000,0.4655172413793103,-0.8793103448275862,0.5517241379310345,-0.7241379310344828,0.0344827586206897,-0.6896551724137931,0.2586206896551724,-0.9310344827586207,0.4655172413793103,-0.8275862068965517,0.5517241379310345,-0.6896551724137931,0.0689655172413793,-0.5862068965517241,0.2758620689655172,-0.7586206896551724,0.4655172413793103,-0.7241379310344828,0.5517241379310345,-0.6379310344827587
O,0.0000000000000000,0.0000000000000000,0.0000000000000000,0.0000000000000000,0.0000000000000000,0.0000000000000000,0.0000000000000000,0.0000000000000000,0.0000000000000000,0.0000000000000000,0.0000000000000000,0.0000000000000000,0.0000000000000000,0.0000000000000000,0.0000000000000000,0.0000000000000000,0.0000000000000000,0.0000000000000000,0.0000000000000000,0.0000000000000000,0.0000000000000000,0.0000000000000000,0.0000000000000000,0.0000000000000000,0.0000000000000000,0.0000000000000000,0.0000000000000000,0.0000000000000000,0.0000000000000000,0.0000000000000000,0.0000000000000000,0.0000000000000000,0.0000000000000000,0.0000000000000000,0.0000000000000000,0.0000000000000000,0.0000000000000000,0.0000000000000000,0.0000000000000000,0.0000000000000000,0.0000000000000000,0.0000000000000000,0.0000000000000000,0.0000000000000000,0.2741935483870968,-0.1935483870967742,0.4193548387096774,-0.4032258064516129,0.5806451612903226,-0.5483870967741935,0.5322580645161290,-0.6290322580645161,0.0483870967741935,-0.7419354838709677,0.2419354838709677,-0.9677419354838710,0.4193548387096774,-0.8870967741935484,0.5161290322580645,-0.7419354838709677,0.0000000000000000,-0.7258064516129032,0.2419354838709677,-1.0000000000000000,0.4516129032258064,-0.8709677419354839,0.5161290322580645,-0.7258064516129032,0.0161290322580645,-0.6774193548387096,0.2258064516129032,-0.9354838709677419,0.4354838709677419,-0.8548387096774194,0.5161290322580645,-0.7096774193548387,0.0645161290322581,-0.5806451612903226,0.2580645161290323,-0.7741935483870968,0.4354838709677419,-0.7419354838709677,0.5322580645161290,-0.6612903225806451
O,0.0000000000000000,0.0000000000000000,0.0000000000000000,0.0000000000000000,0.0000000000000000,0.0000000000000000,0.0000000000000000,0.0000000000000000,0.0000000000000000,0.0000000000000000,0.0000000000000000,0.0000000000000000,0.0000000000000000,0.0000000000000000,0.0000000000000000,0.0000000000000000,0.0000000000000000,0.0000000000000000,0.0000000000000000,0.0000000000000000,0.0000000000000000,0.0000000000000000,0.0000000000000000,0.0000000000000000,0.0000000000000000,0.0000000000000000,0.0000000000000000,0.0000000000000000,0.0000000000000000,0.0000000000000000,0.0000000000000000,0.0000000000000000,0.0000000000000000,0.0000000000000000,0.0000000000000000,0.0000000000000000,0.0000000000000000,0.0000000000000000,0.0000000000000000,0.0000000000000000,0.0000000000000000,0.0000000000000000,0.0000000000000000,0.0000000000000000,0.3333333333333333,-0.1176470588235294,0.5294117647058824,-0.3137254901960784,0.7058823529411765,-0.4117647058823529,0.6862745098039216,-0.5294117647058824,0.1960784313725490,-0.7450980392156863,0.4313725490196079,-0.9607843137254902,0.6470588235294118,-0.8431372549019608,0.7254901960784313,-0.6666666666666666,0.1372549019607843,-0.7450980392156863,0.4117647058823529,-1.0000000000000000,0.6666666666666666,-0.8627450980392157,0.7450980392156863,-0.6666666666666666,0.1372549019607843,-0.7058823529411765,0.4313725490196079,-0.9411764705882353,0.6666666666666666,-0.8039215686274510,0.7450980392156863,-0.6274509803921569,0.1764705882352941,-0.6078431372549019,0.4313725490196079,-0.7843137254901961,0.6274509803921569,-0.7058823529411765,0.7058823529411765,-0.5882352941176471
O,0.0000000000000000,0.0000000000000000,0.0000000000000000,0.0000000000000000,0.0000000000000000,0.0000000000000000,0.0000000000000000,0.0000000000000000,0.0000000000000000,0.0000000000000000,0.0000000000000000,0.0000000000000000,0.0000000000000000,0.0000000000000000,0.0000000000000000,0.0000000000000000,0.0000000000000000,0.0000000000000000,0.0000000000000000,0.0000000000000000,0.0000000000000000,0.0000000000000000,0.0000000000000000,0.0000000000000000,0.0000000000000000,0.0000000000000000,0.0000000000000000,0.0000000000000000,0.0000000000000000,0.0000000000000000,0.0000000000000000,0.0000000000000000,0.0000000000000000,0.0000000000000000,0.0000000000000000,0.0000000000000000,0.0000000000000000,0.0000000000000000,0.0000000000000000,0.0000000000000000,0.0000000000000000,0.0000000000000000,0.0000000000000000,0.0000000000000000,0.3333333333333333,0.3333333333333333,0.6666666666666666,0.4444444444444444,0.8888888888888888,0.3333333333333333,0.8888888888888888,0.2222222222222222,0.8888888888888888,0.0000000000000000,1.0000000000000000,-0.1111111111111111,0.8888888888888888,-0.2222222222222222,0.7777777777777778,-0.2222222222222222,0.7777777777777778,-0.3333333333333333,0.7777777777777778,-0.4444444444444444,0.7777777777777778,-0.4444444444444444,0.6666666666666666,-0.4444444444444444,0.5555555555555556,-0.4444444444444444,0.5555555555555556,-0.5555555555555556,0.5555555555555556,-0.5555555555555556,0.5555555555555556,-0.5555555555555556,0.3333333333333333,-0.6666666666666666,0.3333333333333333,-0.7777777777777778,0.3333333333333333,-0.7777777777777778,0.3333333333333333,-0.6666666666666666
O,0.0000000000000000,0.0000000000000000,0.0000000000000000,0.0000000000000000,0.0000000000000000,0.0000000000000000,0.0000000000000000,0.0000000000000000,0.0000000000000000,0.0000000000000000,0.0000000000000000,0.0000000000000000,0.0000000000000000,0.0000000000000000,0.0000000000000000,0.0000000000000000,0.0000000000000000,0.0000000000000000,0.0000000000000000,0.0000000000000000,0.0000000000000000,0.0000000000000000,0.0000000000000000,0.0000000000000000,0.0000000000000000,0.0000000000000000,0.0000000000000000,0.0000000000000000,0.0000000000000000,0.0000000000000000,0.0000000000000000,0.0000000000000000,0.0000000000000000,0.0000000000000000,0.0000000000000000,0.0000000000000000,0.0000000000000000,0.0000000000000000,0.0000000000000000,0.0000000000000000,0.0000000000000000,0.0000000000000000,0.0000000000000000,0.0000000000000000,0.2711864406779661,0.0169491525423729,0.5423728813559322,-0.0847457627118644,0.7796610169491526,-0.1186440677966102,0.9491525423728814,-0.2372881355932203,0.3898305084745763,-0.5762711864406780,0.7118644067796610,-0.6779661016949152,0.9152542372881356,-0.5593220338983050,1.0000000000000000,-0.3898305084745763,0.3050847457627119,-0.6101694915254238,0.6949152542372882,-0.7627118644067796,0.9322033898305084,-0.6440677966101694,1.0000000000000000,-0.4576271186440678,0.2711864406779661,-0.5932203389830508,0.6610169491525424,-0.7457627118644068,0.8813559322033898,-0.6271186440677966,0.9830508474576272,-0.4915254237288136,0.2711864406779661,-0.5084745762711864,0.5762711864406780,-0.6440677966101694,0.7796610169491526,-0.6101694915254238,0.8983050847457628,-0.5593220338983050
O,0.0000000000000000,0.0000000000000000,0.0000000000000000,0.0000000000000000,0.0000000000000000,0.0000000000000000,0.0000000000000000,0.0000000000000000,0.0000000000000000,0.0000000000000000,0.0000000000000000,0.0000000000000000,0.0000000000000000,0.0000000000000000,0.0000000000000000,0.0000000000000000,0.0000000000000000,0.0000000000000000,0.0000000000000000,0.0000000000000000,0.0000000000000000,0.0000000000000000,0.0000000000000000,0.0000000000000000,0.0000000000000000,0.0000000000000000,0.0000000000000000,0.0000000000000000,0.0000000000000000,0.0000000000000000,0.0000000000000000,0.0000000000000000,0.0000000000000000,0.0000000000000000,0.0000000000000000,0.0000000000000000,0.0000000000000000,0.0000000000000000,0.0000000000000000,0.0000000000000000,0.0000000000000000,0.0000000000000000,0.0000000000000000,0.0000000000000000,0.3766233766233766,-0.1428571428571428,0.5974025974025974,-0.3376623376623377,0.7922077922077922,-0.4545454545454545,0.7792207792207793,-0.5584415584415584,0.2337662337662338,-0.7532467532467533,0.4805194805194805,-0.9610389610389610,0.6883116883116883,-0.8311688311688312,0.7922077922077922,-0.6883116883116883,0.1428571428571428,-0.7532467532467533,0.4545454545454545,-1.0000000000000000,0.7012987012987013,-0.8441558441558441,0.8051948051948052,-0.6623376623376623,0.1038961038961039,-0.7142857142857143,0.4155844155844156,-0.9740259740259740,0.6623376623376623,-0.8311688311688312,0.7792207792207793,-0.6753246753246753,0.1298701298701299,-0.6103896103896104,0.4025974025974026,-0.7662337662337663,0.6103896103896104,-0.7142857142857143,0.7272727272727273,-0.6233766233766234
O,0.0000000000000000,0.0000000000000000,0.0000000000000000,0.0000000000000000,0.0000000000000000,0.0000000000000000,0.0000000000000000,0.0000000000000000,0.0000000000000000,0.0000000000000000,0.0000000000000000,0.0000000000000000,0.0000000000000000,0.0000000000000000,0.0000000000000000,0.0000000000000000,0.0000000000000000,0.0000000000000000,0.0000000000000000,0.0000000000000000,0.0000000000000000,0.0000000000000000,0.0000000000000000,0.0000000000000000,0.0000000000000000,0.0000000000000000,0.0000000000000000,0.0000000000000000,0.0000000000000000,0.0000000000000000,0.0000000000000000,0.0000000000000000,0.0000000000000000,0.0000000000000000,0.0000000000000000,0.0000000000000000,0.0000000000000000,0.0000000000000000,0.0000000000000000,0.0000000000000000,0.0000000000000000,0.0000000000000000,0.0000000000000000,0.0000000000000000,0.2400000000000000,-0.2000000000000000,0.3600000000000000,-0.4000000000000000,0.4800000000000000,-0.5400000000000000,0.4400000000000000,-0.6400000000000000,0.0600000000000000,-0.7200000000000000,0.1200000000000000,-1.0000000000000000,0.3000000000000000,-0.9200000000000000,0.3800000000000000,-0.7800000000000000,0.0000000000000000,-0.7000000000000000,0.1000000000000000,-1.0000000000000000,0.3200000000000000,-0.9200000000000000,0.3800000000000000,-0.7800000000000000,0.0000000000000000,-0.6600000000000000,0.1400000000000000,-0.9000000000000000,0.3400000000000000,-0.8200000000000000,0.4000000000000000,-0.6800000000000000,0.0200000000000000,-0.5600000000000001,0.1600000000000000,-0.7800000000000000,0.3200000000000000,-0.7600000000000000,0.3800000000000000,-0.7000000000000000
O,0.0000000000000000,0.0000000000000000,0.0000000000000000,0.0000000000000000,0.0000000000000000,0.0000000000000000,0.0000000000000000,0.0000000000000000,0.0000000000000000,0.0000000000000000,0.0000000000000000,0.0000000000000000,0.0000000000000000,0.0000000000000000,0.0000000000000000,0.0000000000000000,0.0000000000000000,0.0000000000000000,0.0000000000000000,0.0000000000000000,0.0000000000000000,0.0000000000000000,0.0000000000000000,0.0000000000000000,0.0000000000000000,0.0000000000000000,0.0000000000000000,0.0000000000000000,0.0000000000000000,0.0000000000000000,0.0000000000000000,0.0000000000000000,0.0000000000000000,0.0000000000000000,0.0000000000000000,0.0000000000000000,0.0000000000000000,0.0000000000000000,0.0000000000000000,0.0000000000000000,0.0000000000000000,0.0000000000000000,0.0000000000000000,0.0000000000000000,0.3157894736842105,-0.0263157894736842,0.5789473684210527,-0.1578947368421053,0.8157894736842105,-0.2368421052631579,1.0000000000000000,-0.3157894736842105,0.4210526315789473,-0.6052631578947368,0.6578947368421053,-0.7105263157894737,0.8684210526315790,-0.6052631578947368,0.9736842105263158,-0.4473684210526316,0.3157894736842105,-0.6315789473684210,0.6315789473684210,-0.7631578947368421,0.8421052631578947,-0.6315789473684210,0.9473684210526315,-0.4473684210526316,0.2368421052631579,-0.6052631578947368,0.5526315789473685,-0.7368421052631579,0.7631578947368421,-0.6052631578947368,0.8684210526315790,-0.4210526315789473,0.1842105263157895,-0.5000000000000000,0.4473684210526316,-0.6052631578947368,0.6578947368421053,-0.5263157894736842,0.7631578947368421,-0.3947368421052632
O,0.0000000000000000,0.0000000000000000,0.0000000000000000,0.0000000000000000,0.0000000000000000,0.0000000000000000,0.0000000000000000,0.0000000000000000,0.0000000000000000,0.0000000000000000,0.0000000000000000,0.0000000000000000,0.0000000000000000,0.0000000000000000,0.0000000000000000,0.0000000000000000,0.0000000000000000,0.0000000000000000,0.0000000000000000,0.0000000000000000,0.0000000000000000,0.0000000000000000,0.0000000000000000,0.0000000000000000,0.0000000000000000,0.0000000000000000,0.0000000000000000,0.0000000000000000,0.0000000000000000,0.0000000000000000,0.0000000000000000,0.0000000000000000,0.0000000000000000,0.0000000000000000,0.0000000000000000,0.0000000000000000,0.0000000000000000,0.0000000000000000,0.0000000000000000,0.0000000000000000,0.0000000000000000,0.0000000000000000,0.0000000000000000,0.0000000000000000,0.2808988764044944,-0.2247191011235955,0.3932584269662922,-0.4044943820224719,0.5168539325842697,-0.5393258426966292,0.5056179775280899,-0.6629213483146067,-0.1235955056179775,-0.7078651685393258,0.1011235955056180,-0.9438202247191011,0.3370786516853932,-0.8876404494382022,0.4606741573033708,-0.7640449438202247,-0.1910112359550562,-0.6853932584269663,0.1011235955056180,-1.0000000000000000,0.3370786516853932,-0.9213483146067416,0.4606741573033708,-0.7865168539325843,-0.1797752808988764,-0.6404494382022472,0.1011235955056180,-0.9550561797752809,0.3370786516853932,-0.8876404494382022,0.4382022471910113,-0.7640449438202247,-0.1011235955056180,-0.5617977528089888,0.1797752808988764,-0.7640449438202247,0.3595505617977528,-0.7528089887640449,0.4606741573033708,-0.6966292134831461
O,0.0000000000000000,0.0000000000000000,0.0000000000000000,0.0000000000000000,0.0000000000000000,0.0000000000000000,0.0000000000000000,0.0000000000000000,0.0000000000000000,0.0000000000000000,0.0000000000000000,0.0000000000000000,0.0000000000000000,0.0000000000000000,0.0000000000000000,0.0000000000000000,0.0000000000000000,0.0000000000000000,0.0000000000000000,0.0000000000000000,0.0000000000000000,0.0000000000000000,0.0000000000000000,0.0000000000000000,0.0000000000000000,0.0000000000000000,0.0000000000000000,0.0000000000000000,0.0000000000000000,0.0000000000000000,0.0000000000000000,0.0000000000000000,0.0000000000000000,0.0000000000000000,0.0000000000000000,0.0000000000000000,0.0000000000000000,0.0000000000000000,0.0000000000000000,0.0000000000000000,0.0000000000000000,0.0000000000000000,0.0000000000000000,0.0000000000000000,0.1935483870967742,-0.1612903225806452,0.4516129032258064,-0.4516129032258064,0.7419354838709677,-0.6451612903225806,1.0000000000000000,-0.7419354838709677,0.0322580645161290,-0.7096774193548387,0.3225806451612903,-0.9354838709677419,0.6129032258064516,-0.9354838709677419,0.8387096774193549,-0.8709677419354839,0.0645161290322581,-0.7096774193548387,0.4193548387096774,-1.0000000000000000,0.7096774193548387,-0.9677419354838710,0.9354838709677419,-0.8709677419354839,0.1290322580645161,-0.7096774193548387,0.4838709677419355,-0.9677419354838710,0.7096774193548387,-0.9354838709677419,0.9032258064516129,-0.8064516129032258,0.1935483870967742,-0.6451612903225806,0.4838709677419355,-0.8709677419354839,0.6774193548387096,-0.8709677419354839,0.8064516129032258,-0.8064516129032258
O,0.0000000000000000,0.0000000000000000,0.0000000000000000,0.0000000000000000,0.0000000000000000,0.0000000000000000,0.0000000000000000,0.0000000000000000,0.0000000000000000,0.0000000000000000,0.0000000000000000,0.0000000000000000,0.0000000000000000,0.0000000000000000,0.0000000000000000,0.0000000000000000,0.0000000000000000,0.0000000000000000,0.0000000000000000,0.0000000000000000,0.0000000000000000,0.0000000000000000,0.0000000000000000,0.0000000000000000,0.0000000000000000,0.0000000000000000,0.0000000000000000,0.0000000000000000,0.0000000000000000,0.0000000000000000,0.0000000000000000,0.0000000000000000,0.0000000000000000,0.0000000000000000,0.0000000000000000,0.0000000000000000,0.0000000000000000,0.0000000000000000,0.0000000000000000,0.0000000000000000,0.0000000000000000,0.0000000000000000,0.0000000000000000,0.0000000000000000,0.1904761904761905,0.0952380952380952,0.4603174603174603,0.0952380952380952,0.6825396825396826,0.0793650793650794,0.8730158730158730,0.0317460317460317,0.4920634920634920,-0.2222222222222222,0.8253968253968254,-0.2857142857142857,0.9682539682539683,-0.2063492063492063,1.0000000000000000,-0.1269841269841270,0.4761904761904762,-0.2857142857142857,0.8253968253968254,-0.3650793650793651,0.9682539682539683,-0.2539682539682540,0.9841269841269841,-0.1587301587301587,0.4603174603174603,-0.3174603174603174,0.8095238095238095,-0.3809523809523809,0.9523809523809523,-0.3015873015873016,0.9682539682539683,-0.2222222222222222,0.4444444444444444,-0.3015873015873016,0.7301587301587301,-0.3492063492063492,0.8730158730158730,-0.3015873015873016,0.9365079365079365,-0.2380952380952381
P,0.4400000000000000,0.4000000000000000,0.2600000000000000,0.2200000000000000,0.1400000000000000,0.0600000000000000,0.0400000000000000,-0.0200000000000000,-0.0600000000000000,-0.0800000000000000,0.3400000000000000,-0.1800000000000000,0.3000000000000000,-0.4000000000000000,0.2600000000000000,-0.5600000000000001,0.2400000000000000,-0.6800000000000000,0.3800000000000000,-0.1200000000000000,0.0600000000000000,-0.1400000000000000,0.0000000000000000,-0.0600000000000000,0.0400000000000000,0.0000000000000000,0.3800000000000000,-0.0200000000000000,0.0600000000000000,0.0000000000000000,0.0600000000000000,0.0800000000000000,0.1400000000000000,0.1000000000000000,0.3400000000000000,0.1000000000000000,0.0800000000000000,0.1000000000000000,0.0800000000000000,0.1600000000000000,0.1400000000000000,0.1800000000000000,-0.4400000000000000,-0.4000000000000000,-0.2000000000000000,-0.4800000000000000,-0.0200000000000000,-0.5800000000000000,0.1000000000000000,-0.6600000000000000,0.2000000000000000,-0.7000000000000000,-0.1800000000000000,-0.9200000000000000,-0.0200000000000000,-1.0000000000000000,0.1000000000000000,-0.9200000000000000,0.1600000000000000,-0.8400000000000000,-0.2600000000000000,-0.9200000000000000,0.0000000000000000,-0.8200000000000000,-0.0200000000000000,-0.6800000000000000,-0.1000000000000000,-0.6400000000000000,-0.3000000000000000,-0.8800000000000000,-0.0600000000000000,-0.7600000000000000,-0.1000000000000000,-0.6400000000000000,-0.1600000000000000,-0.6000000000000000,-0.3200000000000000,-0.8000000000000000,-0.1200000000000000,-0.7000000000000000,-0.1600000000000000,-0.6000000000000000,-0.2200000000000000,-0.5800000000000000
P,1.0000000000000000,-0.2105263157894737,0.8947368421052632,-0.3684210526315789,0.7894736842105263,-0.5263157894736842,0.6842105263157895,-0.6842105263157895,0.6315789473684210,-0.6842105263157895,0.8947368421052632,-0.6842105263157895,0.6842105263157895,-0.7894736842105263,0.5789473684210527,-0.7368421052631579,0.5263157894736842,-0.6842105263157895,0.8421052631578947,-0.6315789473684210,0.6842105263157895,-0.7368421052631579,0.5789473684210527,-0.6842105263157895,0.5263157894736842,-0.6315789473684210,0.8421052631578947,-0.6315789473684210,0.6842105263157895,-0.7368421052631579,0.5789473684210527,-0.6842105263157895,0.5789473684210527,-0.6315789473684210,0.8421052631578947,-0.6315789473684210,0.6842105263157895,-0.6842105263157895,0.6315789473684210,-0.6842105263157895,0.5789473684210527,-0.6315789473684210,-1.0000000000000000,0.2105263157894737,-0.6315789473684210,0.1578947368421053,-0.2631578947368421,-0.0526315789473684,-0.0526315789473684,-0.2105263157894737,0.1052631578947368,-0.3684210526315789,-0.5263157894736842,-0.6315789473684210,-0.2105263157894737,-0.7894736842105263,0.2105263157894737,-0.7894736842105263,0.4210526315789473,-0.6315789473684210,-0.6315789473684210,-0.6315789473684210,-0.3157894736842105,-0.8421052631578947,0.0000000000000000,-0.6842105263157895,0.1578947368421053,-0.5263157894736842,-0.7368421052631579,-0.5263157894736842,-0.3684210526315789,-0.6842105263157895,-0.1052631578947368,-0.5263157894736842,-0.0526315789473684,-0.3684210526315789,-0.7894736842105263,-0.3157894736842105,-0.4210526315789473,-0.4210526315789473,-0.2631578947368421,-0.3157894736842105,-0.2631578947368421,-0.1578947368421053
P,0.7812500000000000,0.2812500000000000,0.6875000000000000,0.0625000000000000,0.5937500000000000,-0.1250000000000000,0.5000000000000000,-0.2187500000000000,0.4375000000000000,-0.2500000000000000,0.6562500000000000,-0.2812500000000000,0.5000000000000000,-0.4375000000000000,0.4375000000000000,-0.5937500000000000,0.3750000000000000,-0.7187500000000000,0.6875000000000000,-0.1875000000000000,0.2812500000000000,-0.1250000000000000,0.1875000000000000,-0.0312500000000000,0.1875000000000000,0.0625000000000000,0.6875000000000000,0.0000000000000000,0.3125000000000000,0.0312500000000000,0.2500000000000000,0.1250000000000000,0.2812500000000000,0.1875000000000000,0.6875000000000000,0.1562500000000000,0.3750000000000000,0.1562500000000000,0.2812500000000000,0.2187500000000000,0.3125000000000000,0.2812500000000000,-0.7812500000000000,-0.2812500000000000,-0.4687500000000000,-0.3750000000000000,-0.2812500000000000,-0.5937500000000000,-0.2187500000000000,-0.7500000000000000,-0.1562500000000000,-0.8750000000000000,-0.5312500000000000,-0.9687500000000000,-0.2812500000000000,-1.0000000000000000,-0.1250000000000000,-0.9687500000000000,0.0000000000000000,-0.9375000000000000,-0.5937500000000000,-0.9375000000000000,-0.3125000000000000,-1.0000000000000000,-0.1562500000000000,-0.9062500000000000,-0.0937500000000000,-0.7812500000000000,-0.6250000000000000,-0.8437500000000000,-0.3125000000000000,-0.8750000000000000,-0.2187500000000000,-0.7812500000000000,-0.1875000000000000,-0.6562500000000000,-0.6250000000000000,-0.7187500000000000,-0.3437500000000000,-0.7187500000000000,-0.3125000000000000,-0.6250000000000000,-0.3125000000000000,-0.5625000000000000
P,0.6710526315789473,0.2368421052631579,0.5394736842105263,0.1315789473684210,0.3815789473684211,0.0000000000000000,0.2763157894736842,-0.0526315789473684,0.1710526315789474,-0.1052631578947368,0.5394736842105263,-0.3684210526315789,0.4078947368421053,-0.5263157894736842,0.3552631578947368,-0.6315789473684210,0.3289473684210527,-0.7368421052631579,0.6710526315789473,-0.3421052631578947,0.3289473684210527,-0.2368421052631579,0.3289473684210527,-0.1052631578947368,0.4078947368421053,-0.0263157894736842,0.7500000000000000,-0.2105263157894737,0.4078947368421053,-0.0789473684210526,0.4342105263157895,0.0000000000000000,0.5131578947368421,0.0526315789473684,0.8026315789473685,-0.0789473684210526,0.5394736842105263,0.0263157894736842,0.5657894736842105,0.1052631578947368,0.6447368421052632,0.1315789473684210,-0.6710526315789473,-0.2368421052631579,-0.4078947368421053,-0.3421052631578947,-0.2236842105263158,-0.5000000000000000,-0.0657894736842105,-0.6052631578947368,0.0657894736842105,-0.6842105263157895,-0.3815789473684211,-0.8421052631578947,-0.1710526315789474,-0.9736842105263158,0.0131578947368421,-1.0000000000000000,0.1447368421052632,-1.0000000000000000,-0.4342105263157895,-0.8421052631578947,-0.1710526315789474,-0.8421052631578947,-0.1710526315789474,-0.6842105263157895,-0.2500000000000000,-0.6315789473684210,-0.4868421052631579,-0.7894736842105263,-0.2236842105263158,-0.7894736842105263,-0.2500000000000000,-0.6578947368421053,-0.3289473684210527,-0.5789473684210527,-0.5394736842105263,-0.6842105263157895,-0.3289473684210527,-0.7368421052631579,-0.3289473684210527,-0.6315789473684210,-0.3815789473684211,-0.5526315789473685
P,0.6197183098591549,0.2957746478873239,0.5070422535211268,0.0985915492957746,0.3943661971830986,-0.0704225352112676,0.3098591549295774,-0.1830985915492958,0.2253521126760563,-0.2676056338028169,0.4788732394366197,-0.1830985915492958,0.3380281690140845,-0.3802816901408451,0.2816901408450704,-0.5492957746478874,0.2253521126760563,-0.6901408450704225,0.5070422535211268,-0.0985915492957746,0.2816901408450704,-0.1267605633802817,0.1126760563380282,-0.0704225352112676,0.0000000000000000,-0.0422535211267606,0.5070422535211268,0.0422535211267606,0.2535211267605634,0.0422535211267606,0.0845070422535211,0.0985915492957746,-0.0281690140845070,0.1267605633802817,0.5070422535211268,0.2112676056338028,0.2535211267605634,0.2112676056338028,0.0845070422535211,0.2112676056338028,0.0000000000000000,0.2394366197183098,-0.6197183098591549,-0.2957746478873239,-0.3943661971830986,-0.4084507042253521,-0.2535211267605634,-0.6338028169014085,-0.1408450704225352,-0.7746478873239436,-0.0281690140845070,-0.8873239436619719,-0.4507042253521127,-0.9436619718309859,-0.2253521126760563,-1.0000000000000000,-0.0563380281690141,-1.0000000000000000,0.0845070422535211,-0.9154929577464789,-0.5070422535211268,-0.9154929577464789,-0.2535211267605634,-0.9436619718309859,-0.1408450704225352,-0.8028169014084507,-0.1126760563380282,-0.6901408450704225,-0.5633802816901409,-0.8028169014084507,-0.2535211267605634,-0.8309859154929577,-0.1971830985915493,-0.6901408450704225,-0.2253521126760563,-0.5774647887323944,-0.5915492957746479,-0.6901408450704225,-0.3380281690140845,-0.6619718309859155,-0.2816901408450704,-0.5492957746478874,-0.3380281690140845,-0.4647887323943662
P,0.7571428571428571,0.1142857142857143,0.6142857142857143,-0.0285714285714286,0.4428571428571428,-0.1714285714285714,0.3285714285714286,-0.3142857142857143,0.2428571428571429,-0.4571428571428571,0.5000000000000000,-0.0857142857142857,0.3285714285714286,-0.0571428571428571,0.1857142857142857,0.0000000000000000,0.1000000000000000,0.0285714285714286,0.5285714285714286,0.0285714285714286,0.3000000000000000,0.0857142857142857,0.1571428571428571,0.1428571428571428,0.0428571428571429,0.1714285714285714,0.5571428571428572,0.1714285714285714,0.3285714285714286,0.2000000000000000,0.1571428571428571,0.2571428571428571,0.0428571428571429,0.2571428571428571,0.5571428571428572,0.2857142857142857,0.3285714285714286,0.3428571428571429,0.1857142857142857,0.4000000000000000,0.0428571428571429,0.4285714285714285,-0.7571428571428571,-0.1142857142857143,-0.4714285714285714,-0.3142857142857143,-0.3000000000000000,-0.4857142857142857,-0.1285714285714286,-0.6000000000000000,0.0142857142857143,-0.6857142857142857,-0.7000000000000000,-0.8571428571428571,-0.3285714285714286,-1.0000000000000000,-0.1000000000000000,-0.9142857142857143,0.0428571428571429,-0.8285714285714286,-0.7571428571428571,-0.8000000000000000,-0.2714285714285714,-0.7714285714285715,-0.1857142857142857,-0.5714285714285714,-0.2428571428571429,-0.4571428571428571,-0.7571428571428571,-0.6571428571428571,-0.3000000000000000,-0.6285714285714286,-0.2428571428571429,-0.4571428571428571,-0.3000000000000000,-0.3428571428571429,-0.7285714285714285,-0.4857142857142857,-0.3571428571428572,-0.4857142857142857,-0.3285714285714286,-0.3428571428571429,-0.3571428571428572,-0.2857142857142857
P,0.5760869565217391,0.2391304347826087,0.4891304347826087,0.0869565217391304,0.3804347826086957,-0.0869565217391304,0.3152173913043478,-0.2173913043478261,0.2717391304347826,-0.3043478260869565,0.3586956521739130,-0.2173913043478261,0.2500000000000000,-0.4130434782608696,0.1847826086956522,-0.5652173913043478,0.1413043478260869,-0.6739130434782609,0.3804347826086957,-0.1521739130434783,0.1195652173913044,-0.1304347826086956,0.0543478260869565,-0.0652173913043478,0.0326086956521739,-0.0217391304347826,0.3804347826086957,-0.0434782608695652,0.1195652173913044,0.0000000000000000,0.1195652173913044,0.0434782608695652,0.1195652173913044,0.0652173913043478,0.3804347826086957,0.0869565217391304,0.1630434782608696,0.1086956521739130,0.1630434782608696,0.1521739130434783,0.1847826086956522,0.1521739130434783,-0.5760869565217391,-0.2391304347826087,-0.2934782608695652,-0.3913043478260870,-0.1195652173913044,-0.5652173913043478,0.0108695652173913,-0.6521739130434783,0.0543478260869565,-0.7391304347826086,-0.4021739130434783,-0.8913043478260869,-0.2065217391304348,-1.0000000000000000,-0.0760869565217391,-0.9130434782608695,-0.0326086956521739,-0.7826086956521739,-0.4673913043478261,-0.8478260869565217,-0.2065217391304348,-0.8478260869565217,-0.2065217391304348,-0.6956521739130435,-0.2717391304347826,-0.6521739130434783,-0.5108695652173914,-0.7826086956521739,-0.2500000000000000,-0.7391304347826086,-0.2717391304347826,-0.6304347826086957,-0.3369565217391304,-0.5652173913043478,-0.5326086956521739,-0.6739130434782609,-0.3152173913043478,-0.6521739130434783,-0.3152173913043478,-0.5652173913043478,-0.3804347826086957,-0.5217391304347826
P,0.5102040816326531,0.3877551020408163,0.2857142857142857,0.2448979591836735,0.1428571428571428,0.0816326530612245,0.0000000000000000,0.0000000000000000,-0.0816326530612245,-0.0612244897959184,0.3061224489795918,-0.2040816326530612,0.2448979591836735,-0.4081632653061225,0.2244897959183673,-0.5714285714285714,0.2040816326530612,-0.6938775510204082,0.3469387755102041,-0.1428571428571428,0.0408163265306122,-0.1428571428571428,-0.0408163265306122,-0.0408163265306122,-0.0204081632653061,0.0204081632653061,0.3469387755102041,-0.0612244897959184,0.0408163265306122,-0.0204081632653061,0.0204081632653061,0.0816326530612245,0.0816326530612245,0.1224489795918367,0.3265306122448979,0.0612244897959184,0.0816326530612245,0.1020408163265306,0.0612244897959184,0.1632653061224490,0.1020408163265306,0.1836734693877551,-0.5102040816326531,-0.3877551020408163,-0.2448979591836735,-0.4693877551020408,-0.0816326530612245,-0.5918367346938775,0.0408163265306122,-0.6734693877551020,0.1224489795918367,-0.7142857142857143,-0.2857142857142857,-0.9387755102040817,-0.1020408163265306,-1.0000000000000000,0.0204081632653061,-0.9183673469387755,0.1020408163265306,-0.8163265306122449,-0.3469387755102041,-0.9183673469387755,-0.0816326530612245,-0.8367346938775511,-0.1020408163265306,-0.7142857142857143,-0.1836734693877551,-0.6530612244897959,-0.3877551020408163,-0.8571428571428571,-0.1428571428571428,-0.7755102040816326,-0.1632653061224490,-0.6530612244897959,-0.2244897959183673,-0.6122448979591837,-0.4081632653061225,-0.7755102040816326,-0.2040816326530612,-0.7142857142857143,-0.2244897959183673,-0.6122448979591837,-0.2857142857142857,-0.6122448979591837
P,0.4620689655172414,0.4206896551724138,0.3655172413793104,0.2413793103448276,0.2413793103448276,0.0758620689655172,0.0758620689655172,0.0068965517241379,-0.0620689655172414,-0.0344827586206897,0.3931034482758621,-0.0896551724137931,0.3517241379310345,-0.2827586206896552,0.3517241379310345,-0.4344827586206896,0.3379310344827586,-0.5586206896551724,0.3931034482758621,-0.0206896551724138,0.1172413793103448,-0.0758620689655172,-0.0206896551724138,-0.0068965517241379,-0.0620689655172414,0.0758620689655172,0.3793103448275862,0.0896551724137931,0.0758620689655172,0.0758620689655172,0.0206896551724138,0.1724137931034483,0.0482758620689655,0.2275862068965517,0.3379310344827586,0.2137931034482759,0.0896551724137931,0.2000000000000000,0.0620689655172414,0.2551724137931035,0.0896551724137931,0.3103448275862069,-0.4620689655172414,-0.4206896551724138,-0.2000000000000000,-0.4620689655172414,-0.0068965517241379,-0.5724137931034483,0.1310344827586207,-0.6413793103448275,0.2413793103448276,-0.6965517241379310,-0.1448275862068966,-0.9586206896551724,0.0758620689655172,-1.0000000000000000,0.2000000000000000,-0.8896551724137931,0.2551724137931035,-0.7655172413793103,-0.2137931034482759,-0.9586206896551724,0.0620689655172414,-0.8344827586206897,0.0068965517241379,-0.7241379310344828,-0.0758620689655172,-0.6965517241379310,-0.2551724137931035,-0.9172413793103448,0.0068965517241379,-0.7655172413793103,-0.0482758620689655,-0.6551724137931034,-0.1310344827586207,-0.6413793103448275,-0.2965517241379310,-0.8206896551724138,-0.0758620689655172,-0.6965517241379310,-0.1172413793103448,-0.6137931034482759,-0.2000000000000000,-0.6137931034482759
P,0.7685950413223140,0.2561983471074380,0.4380165289256198,0.1735537190082645,0.2892561983471074,0.0247933884297521,0.1404958677685950,-0.0413223140495868,0.0082644628099174,-0.0909090909090909,0.4710743801652892,-0.3884297520661157,0.3057851239669421,-0.5867768595041323,0.2561983471074380,-0.7520661157024794,0.2066115702479339,-0.9008264462809917,0.5537190082644629,-0.3388429752066116,0.1239669421487603,-0.2561983471074380,0.0909090909090909,-0.0743801652892562,0.1404958677685950,0.0413223140495868,0.5867768595041323,-0.2066115702479339,0.1570247933884298,-0.1074380165289256,0.1570247933884298,0.0413223140495868,0.2231404958677686,0.1570247933884298,0.5867768595041323,-0.0247933884297521,0.2727272727272727,0.0247933884297521,0.1900826446280992,0.1074380165289256,0.1735537190082645,0.1900826446280992,-0.7685950413223140,-0.2561983471074380,-0.4214876033057851,-0.3884297520661157,-0.2396694214876033,-0.6033057851239669,-0.1074380165289256,-0.7190082644628100,0.0413223140495868,-0.7851239669421488,-0.5371900826446281,-1.0000000000000000,-0.2561983471074380,-1.0000000000000000,-0.0578512396694215,-0.9834710743801653,0.0743801652892562,-0.9834710743801653,-0.6198347107438017,-0.9504132231404959,-0.2231404958677686,-0.9338842975206612,-0.2066115702479339,-0.7520661157024794,-0.2561983471074380,-0.6528925619834711,-0.6528925619834711,-0.8347107438016529,-0.2727272727272727,-0.8347107438016529,-0.2561983471074380,-0.6859504132231405,-0.3388429752066116,-0.6033057851239669,-0.6363636363636364,-0.7024793388429752,-0.3553719008264463,-0.6694214876033058,-0.3388429752066116,-0.5537190082644629,-0.4049586776859504,-0.4876033057851240
P,0.7962962962962963,0.1296296296296296,0.6481481481481481,-0.0370370370370370,0.4814814814814815,-0.2037037037037037,0.3333333333333333,-0.3333333333333333,0.2222222222222222,-0.4074074074074074,0.5370370370370371,-0.4074074074074074,0.3148148148148148,-0.6111111111111112,0.2037037037037037,-0.7777777777777778,0.1481481481481481,-0.9074074074074074,0.5925925925925926,-0.3333333333333333,0.1851851851851852,-0.2037037037037037,0.1111111111111111,-0.0185185185185185,0.1666666666666667,0.1111111111111111,0.6111111111111112,-0.1666666666666667,0.2037037037037037,-0.0555555555555556,0.1666666666666667,0.0925925925925926,0.2222222222222222,0.2037037037037037,0.6111111111111112,0.0000000000000000,0.2962962962962963,0.0740740740740741,0.2037037037037037,0.1666666666666667,0.2222222222222222,0.2407407407407407,-0.7962962962962963,-0.1296296296296296,-0.4814814814814815,-0.3148148148148148,-0.3148148148148148,-0.5370370370370371,-0.1851851851851852,-0.6666666666666666,-0.0555555555555556,-0.7777777777777778,-0.6666666666666666,-0.9629629629629629,-0.3518518518518519,-0.9814814814814815,-0.1296296296296296,-1.0000000000000000,0.0185185185185185,-1.0000000000000000,-0.7592592592592593,-0.8888888888888888,-0.3333333333333333,-0.9259259259259259,-0.2777777777777778,-0.7407407407407407,-0.3148148148148148,-0.6296296296296297,-0.7777777777777778,-0.7777777777777778,-0.3888888888888889,-0.8148148148148148,-0.3333333333333333,-0.6481481481481481,-0.3888888888888889,-0.5370370370370371,-0.7592592592592593,-0.6111111111111112,-0.4444444444444444,-0.6481481481481481,-0.4074074074074074,-0.5185185185185185,-0.4629629629629630,-0.4259259259259259
P,0.4415584415584415,0.1428571428571428,0.3116883116883117,-0.0129870129870130,0.2077922077922078,-0.1428571428571428,0.1558441558441558,-0.2467532467532468,0.1298701298701299,-0.2727272727272727,0.2597402597402597,-0.3506493506493507,0.1818181818181818,-0.5064935064935064,0.1038961038961039,-0.6363636363636364,0.0779220779220779,-0.7402597402597403,0.3116883116883117,-0.2987012987012987,0.1038961038961039,-0.2207792207792208,0.1038961038961039,-0.1688311688311688,0.1818181818181818,-0.1168831168831169,0.3376623376623377,-0.1688311688311688,0.1298701298701299,-0.0909090909090909,0.1558441558441558,-0.0389610389610390,0.2077922077922078,-0.0129870129870130,0.3636363636363636,-0.0129870129870130,0.1818181818181818,0.0389610389610390,0.2077922077922078,0.1168831168831169,0.2597402597402597,0.1168831168831169,-0.4415584415584415,-0.1428571428571428,-0.2857142857142857,-0.3246753246753247,-0.2337662337662338,-0.5064935064935064,-0.1818181818181818,-0.6363636363636364,-0.1298701298701299,-0.7402597402597403,-0.3376623376623377,-0.7142857142857143,-0.3376623376623377,-0.9220779220779221,-0.2597402597402597,-0.9740259740259740,-0.1818181818181818,-1.0000000000000000,-0.3896103896103896,-0.6883116883116883,-0.4155844155844156,-0.8961038961038961,-0.3376623376623377,-0.9480519480519480,-0.2597402597402597,-0.9220779220779221,-0.4415584415584415,-0.6623376623376623,-0.4415584415584415,-0.8441558441558441,-0.3636363636363636,-0.8441558441558441,-0.3116883116883117,-0.8181818181818182,-0.4675324675324675,-0.5844155844155844,-0.4935064935064935,-0.7662337662337663,-0.4935064935064935,-0.8701298701298701,-0.4935064935064935,-0.9220779220779221
P,0.4487179487179487,0.5128205128205128,0.2435897435897436,0.3076923076923077,0.1666666666666667,0.1282051282051282,0.0897435897435897,0.0000000000000000,0.0128205128205128,-0.0512820512820513,0.3717948717948718,-0.1794871794871795,0.3461538461538461,-0.4102564102564102,0.3205128205128205,-0.5897435897435898,0.2948717948717949,-0.7179487179487180,0.4230769230769231,-0.1282051282051282,0.1410256410256410,-0.1282051282051282,0.0897435897435897,0.0000000000000000,0.1410256410256410,0.0769230769230769,0.4487179487179487,0.0000000000000000,0.1410256410256410,0.0000000000000000,0.1410256410256410,0.1282051282051282,0.2179487179487180,0.1538461538461539,0.4487179487179487,0.1282051282051282,0.2179487179487180,0.1538461538461539,0.1923076923076923,0.2051282051282051,0.2692307692307692,0.2564102564102564,-0.4487179487179487,-0.5128205128205128,-0.2435897435897436,-0.5641025641025641,-0.0897435897435897,-0.6410256410256411,0.0384615384615385,-0.6666666666666666,0.1666666666666667,-0.6410256410256411,-0.1666666666666667,-0.9743589743589743,-0.0128205128205128,-1.0000000000000000,0.1410256410256410,-0.9743589743589743,0.2692307692307692,-0.9487179487179487,-0.2179487179487180,-0.9743589743589743,-0.0128205128205128,-0.9230769230769231,-0.0128205128205128,-0.7948717948717948,-0.0897435897435897,-0.7435897435897436,-0.2692307692307692,-0.9230769230769231,-0.0641025641025641,-0.8717948717948718,-0.0641025641025641,-0.7692307692307693,-0.1410256410256410,-0.7179487179487180,-0.2948717948717949,-0.8461538461538461,-0.1153846153846154,-0.8205128205128205,-0.1410256410256410,-0.7435897435897436,-0.2179487179487180,-0.7179487179487180
P,0.5608108108108109,0.1486486486486487,0.3716216216216216,0.0405405405405405,0.1824324324324324,-0.0270270270270270,0.0337837837837838,-0.0135135135135135,-0.0608108108108108,0.0540540540540541,0.3175675675675675,-0.2972972972972973,0.2229729729729730,-0.4594594594594595,0.1554054054054054,-0.6216216216216216,0.1148648648648649,-0.7432432432432432,0.4121621621621622,-0.2432432432432433,0.1148648648648649,-0.1216216216216216,0.0472972972972973,0.0270270270270270,0.0337837837837838,0.0945945945945946,0.4662162162162162,-0.1081081081081081,0.1689189189189189,0.0270270270270270,0.1418918918918919,0.1216216216216216,0.1554054054054054,0.1756756756756757,0.5067567567567568,0.0405405405405405,0.2364864864864865,0.1351351351351351,0.0878378378378378,0.1891891891891892,-0.0067567567567568,0.2432432432432433,-0.5608108108108109,-0.1486486486486487,-0.3040540540540541,-0.3378378378378378,-0.1959459459459459,-0.5405405405405406,-0.1013513513513514,-0.6756756756756757,-0.0202702702702703,-0.7837837837837838,-0.5202702702702703,-0.8513513513513513,-0.2635135135135135,-1.0000000000000000,-0.0743243243243243,-0.9594594594594594,0.0472972972972973,-0.8648648648648649,-0.6013513513513513,-0.8108108108108109,-0.2094594594594595,-0.8108108108108109,-0.1554054054054054,-0.6081081081081081,-0.1824324324324324,-0.4729729729729730,-0.6148648648648649,-0.7027027027027027,-0.2229729729729730,-0.7027027027027027,-0.1959459459459459,-0.5135135135135135,-0.2500000000000000,-0.3918918918918919,-0.5878378378378378,-0.5810810810810810,-0.2770270270270270,-0.5540540540540541,-0.2500000000000000,-0.4189189189189189,-0.2905405405405405,-0.3513513513513514
P,0.5894039735099338,0.1125827814569536,0.4039735099337748,0.0463576158940397,0.2317880794701987,-0.0198675496688742,0.0860927152317881,-0.0066225165562914,-0.0331125827814570,0.0198675496688742,0.2980132450331126,-0.2980132450331126,0.1655629139072848,-0.4834437086092715,0.0993377483443709,-0.6423841059602649,0.0463576158940397,-0.7615894039735099,0.3907284768211921,-0.2715231788079470,0.1523178807947020,-0.1788079470198675,0.0860927152317881,-0.0728476821192053,0.0596026490066225,-0.0066225165562914,0.4437086092715232,-0.1523178807947020,0.1920529801324503,-0.0066225165562914,0.1390728476821192,0.0993377483443709,0.1390728476821192,0.1655629139072848,0.4834437086092715,-0.0066225165562914,0.2450331125827815,0.0860927152317881,0.1258278145695364,0.1523178807947020,0.0463576158940397,0.2052980132450331,-0.5894039735099338,-0.1125827814569536,-0.3245033112582781,-0.3377483443708609,-0.2185430463576159,-0.5496688741721855,-0.1523178807947020,-0.6953642384105960,-0.0860927152317881,-0.8145695364238411,-0.5629139072847682,-0.8278145695364238,-0.3377483443708609,-1.0000000000000000,-0.1523178807947020,-0.9602649006622517,-0.0066225165562914,-0.8940397350993378,-0.6423841059602649,-0.7615894039735099,-0.2715231788079470,-0.7880794701986755,-0.1920529801324503,-0.6026490066225165,-0.2052980132450331,-0.4701986754966888,-0.6423841059602649,-0.6556291390728477,-0.2715231788079470,-0.6688741721854304,-0.2317880794701987,-0.4966887417218543,-0.2715231788079470,-0.3774834437086093,-0.6158940397350994,-0.5364238410596026,-0.3112582781456953,-0.5231788079470199,-0.2715231788079470,-0.4039735099337748,-0.3112582781456953,-0.3245033112582781
P,0.6071428571428571,0.2619047619047619,0.5357142857142857,0.1190476190476190,0.4404761904761905,-0.0238095238095238,0.3214285714285715,-0.0714285714285714,0.2023809523809524,-0.0952380952380952,0.4642857142857143,-0.1190476190476190,0.2976190476190476,-0.1904761904761905,0.2023809523809524,-0.1904761904761905,0.1309523809523810,-0.2142857142857143,0.4642857142857143,-0.0714285714285714,0.2261904761904762,-0.0714285714285714,0.0833333333333333,-0.0476190476190476,-0.0119047619047619,-0.0238095238095238,0.4404761904761905,0.0238095238095238,0.2023809523809524,0.0714285714285714,0.1071428571428571,0.1190476190476190,0.0595238095238095,0.1428571428571428,0.4166666666666667,0.1428571428571428,0.2261904761904762,0.1666666666666667,0.1547619047619048,0.2142857142857143,0.1309523809523810,0.2380952380952381,-0.6071428571428571,-0.2619047619047619,-0.3690476190476191,-0.3809523809523809,-0.2023809523809524,-0.5714285714285714,-0.0833333333333333,-0.6904761904761905,-0.0119047619047619,-0.7619047619047619,-0.4404761904761905,-0.9047619047619048,-0.2738095238095238,-1.0000000000000000,-0.1071428571428571,-0.9523809523809523,-0.0119047619047619,-0.8571428571428571,-0.5119047619047619,-0.8809523809523809,-0.2261904761904762,-0.8571428571428571,-0.2023809523809524,-0.7142857142857143,-0.2738095238095238,-0.6666666666666666,-0.5357142857142857,-0.8095238095238095,-0.2738095238095238,-0.7619047619047619,-0.2500000000000000,-0.6428571428571429,-0.3214285714285715,-0.5952380952380952,-0.5595238095238095,-0.6904761904761905,-0.3214285714285715,-0.6666666666666666,-0.3214285714285715,-0.5714285714285714,-0.3928571428571428,-0.5476190476190477
P,0.4642857142857143,0.3095238095238095,0.2976190476190476,0.1666666666666667,0.2023809523809524,0.0238095238095238,0.1071428571428571,-0.0476190476190476,0.0357142857142857,-0.0952380952380952,0.2976190476190476,-0.1904761904761905,0.2023809523809524,-0.3571428571428572,0.1547619047619048,-0.5000000000000000,0.1071428571428571,-0.6190476190476191,0.3452380952380952,-0.1666666666666667,0.1309523809523810,-0.1904761904761905,0.0357142857142857,-0.1666666666666667,-0.0119047619047619,-0.1190476190476190,0.3690476190476191,-0.0714285714285714,0.1071428571428571,-0.0238095238095238,0.0595238095238095,0.0714285714285714,0.0595238095238095,0.1428571428571428,0.3690476190476191,0.0476190476190476,0.1309523809523810,0.0714285714285714,0.0119047619047619,0.1190476190476190,-0.0595238095238095,0.1666666666666667,-0.4642857142857143,-0.3095238095238095,-0.2738095238095238,-0.4761904761904762,-0.1785714285714286,-0.6428571428571429,-0.0833333333333333,-0.7619047619047619,-0.0119047619047619,-0.8333333333333334,-0.3452380952380952,-0.9047619047619048,-0.1547619047619048,-1.0000000000000000,-0.0357142857142857,-0.9523809523809523,0.0595238095238095,-0.8809523809523809,-0.3928571428571428,-0.8571428571428571,-0.1547619047619048,-0.8333333333333334,-0.1071428571428571,-0.7142857142857143,-0.1071428571428571,-0.5952380952380952,-0.4404761904761905,-0.7619047619047619,-0.1785714285714286,-0.7142857142857143,-0.1547619047619048,-0.5952380952380952,-0.1785714285714286,-0.5000000000000000,-0.4404761904761905,-0.6428571428571429,-0.2261904761904762,-0.5952380952380952,-0.2023809523809524,-0.5000000000000000,-0.2500000000000000,-0.4523809523809524
P,0.5000000000000000,0.7714285714285715,0.4142857142857143,0.5714285714285714,0.3000000000000000,0.3714285714285714,0.1571428571428571,0.2857142857142857,0.0142857142857143,0.2571428571428571,0.3857142857142857,0.1714285714285714,0.3571428571428572,-0.0571428571428571,0.3285714285714286,-0.2285714285714286,0.3285714285714286,-0.3714285714285714,0.4142857142857143,0.2857142857142857,0.0714285714285714,0.2000000000000000,-0.0142857142857143,0.3142857142857143,0.0142857142857143,0.3714285714285714,0.3857142857142857,0.4285714285714285,0.0142857142857143,0.4000000000000000,0.0142857142857143,0.4857142857142857,0.1285714285714286,0.5142857142857142,0.3285714285714286,0.5714285714285714,0.0428571428571429,0.5428571428571428,0.0428571428571429,0.6000000000000000,0.1285714285714286,0.6285714285714286,-0.5000000000000000,-0.7714285714285715,-0.3857142857142857,-0.8857142857142857,-0.2428571428571429,-0.9428571428571428,-0.0714285714285714,-0.9142857142857143,0.0142857142857143,-0.8571428571428571,-0.1285714285714286,-1.0000000000000000,0.0714285714285714,-0.9714285714285714,0.1857142857142857,-0.8857142857142857,0.2428571428571429,-0.8000000000000000,-0.1285714285714286,-0.9142857142857143,0.0714285714285714,-0.8285714285714286,0.0714285714285714,-0.8000000000000000,0.0142857142857143,-0.8000000000000000,-0.1857142857142857,-0.8285714285714286,-0.0142857142857143,-0.7142857142857143,-0.1000000000000000,-0.7142857142857143,-0.1857142857142857,-0.7428571428571429,-0.2714285714285714,-0.7142857142857143,-0.1285714285714286,-0.6285714285714286,-0.1857142857142857,-0.6285714285714286,-0.2428571428571429,-0.6857142857142857
P,0.5102040816326531,0.3265306122448979,0.3265306122448979,0.1836734693877551,0.1836734693877551,0.0612244897959184,0.0612244897959184,-0.0204081632653061,-0.0408163265306122,-0.0612244897959184,0.3469387755102041,-0.1836734693877551,0.3061224489795918,-0.3877551020408163,0.2857142857142857,-0.5306122448979592,0.2857142857142857,-0.6530612244897959,0.3877551020408163,-0.1224489795918367,0.1020408163265306,-0.1224489795918367,0.0408163265306122,-0.0204081632653061,0.0612244897959184,0.0408163265306122,0.4081632653061225,-0.0204081632653061,0.1020408163265306,0.0204081632653061,0.1020408163265306,0.1020408163265306,0.1632653061224490,0.1224489795918367,0.3877551020408163,0.1020408163265306,0.1428571428571428,0.1224489795918367,0.1428571428571428,0.1836734693877551,0.2040816326530612,0.2040816326530612,-0.5102040816326531,-0.3265306122448979,-0.2040816326530612,-0.4081632653061225,0.0000000000000000,-0.5510204081632653,0.1224489795918367,-0.6326530612244898,0.2244897959183673,-0.6938775510204082,-0.2448979591836735,-0.9183673469387755,-0.0204081632653061,-1.0000000000000000,0.1020408163265306,-0.8979591836734694,0.1632653061224490,-0.7755102040816326,-0.3061224489795918,-0.8979591836734694,-0.0204081632653061,-0.8163265306122449,-0.0612244897959184,-0.6938775510204082,-0.1428571428571428,-0.6530612244897959,-0.3469387755102041,-0.8367346938775511,-0.0612244897959184,-0.7551020408163265,-0.1020408163265306,-0.6326530612244898,-0.1836734693877551,-0.5918367346938775,-0.3673469387755102,-0.7346938775510204,-0.1428571428571428,-0.6734693877551020,-0.1632653061224490,-0.5918367346938775,-0.2244897959183673,-0.5714285714285714
P,0.5200000000000000,0.2800000000000000,0.3200000000000000,0.1600000000000000,0.2000000000000000,0.0400000000000000,0.0600000000000000,-0.0400000000000000,-0.0400000000000000,-0.0800000000000000,0.3200000000000000,-0.2200000000000000,0.2600000000000000,-0.4200000000000000,0.2200000000000000,-0.5800000000000000,0.2000000000000000,-0.7000000000000000,0.4000000000000000,-0.1600000000000000,0.1000000000000000,-0.1600000000000000,0.0400000000000000,-0.0400000000000000,0.0800000000000000,0.0000000000000000,0.4000000000000000,-0.0600000000000000,0.1000000000000000,-0.0200000000000000,0.1200000000000000,0.0800000000000000,0.2000000000000000,0.1000000000000000,0.4000000000000000,0.0600000000000000,0.1600000000000000,0.0800000000000000,0.1600000000000000,0.1600000000000000,0.2200000000000000,0.1800000000000000,-0.5200000000000000,-0.2800000000000000,-0.2200000000000000,-0.4000000000000000,-0.0600000000000000,-0.5600000000000001,0.0600000000000000,-0.6600000000000000,0.1600000000000000,-0.7200000000000000,-0.3200000000000000,-0.8800000000000000,-0.1000000000000000,-1.0000000000000000,0.0200000000000000,-0.9000000000000000,0.0800000000000000,-0.7800000000000000,-0.3800000000000000,-0.8600000000000000,-0.0800000000000000,-0.8200000000000000,-0.1000000000000000,-0.6800000000000000,-0.1800000000000000,-0.6200000000000000,-0.4000000000000000,-0.8000000000000000,-0.1200000000000000,-0.7400000000000000,-0.1600000000000000,-0.6200000000000000,-0.2400000000000000,-0.5800000000000000,-0.4000000000000000,-0.7200000000000000,-0.1800000000000000,-0.6600000000000000,-0.2000000000000000,-0.5800000000000000,-0.2600000000000000,-0.5400000000000000
P,0.8153846153846154,0.1692307692307692,0.6000000000000000,0.0461538461538462,0.4461538461538462,-0.1076923076923077,0.3538461538461539,-0.2000000000000000,0.2307692307692308,-0.2615384615384616,0.5692307692307692,-0.3846153846153846,0.4153846153846154,-0.6000000000000000,0.3230769230769231,-0.7538461538461538,0.2307692307692308,-0.8769230769230769,0.6307692307692307,-0.3538461538461539,0.3230769230769231,-0.2615384615384616,0.1692307692307692,-0.1384615384615385,0.1384615384615385,-0.0153846153846154,0.6923076923076923,-0.2307692307692308,0.3538461538461539,-0.1384615384615385,0.2615384615384616,-0.0153846153846154,0.2615384615384616,0.0769230769230769,0.6923076923076923,-0.0769230769230769,0.4153846153846154,-0.0153846153846154,0.3538461538461539,0.0461538461538462,0.3538461538461539,0.1076923076923077,-0.8153846153846154,-0.1692307692307692,-0.5076923076923077,-0.3230769230769231,-0.3230769230769231,-0.5384615384615384,-0.2000000000000000,-0.6615384615384615,-0.0769230769230769,-0.7846153846153846,-0.6307692307692307,-0.9384615384615385,-0.3538461538461539,-1.0000000000000000,-0.1384615384615385,-1.0000000000000000,0.0461538461538462,-1.0000000000000000,-0.7230769230769231,-0.9076923076923077,-0.3846153846153846,-0.9384615384615385,-0.2923076923076923,-0.7846153846153846,-0.2923076923076923,-0.6307692307692307,-0.7538461538461538,-0.7846153846153846,-0.4153846153846154,-0.8153846153846154,-0.3538461538461539,-0.6615384615384615,-0.3846153846153846,-0.5384615384615384,-0.7538461538461538,-0.6615384615384615,-0.4769230769230769,-0.6615384615384615,-0.4153846153846154,-0.5384615384615384,-0.4461538461538462,-0.4461538461538462
Q,-0.7196261682242990,0.3271028037383177,-0.5514018691588785,0.1775700934579439,-0.4579439252336449,-0.0280373831775701,-0.3644859813084112,-0.1775700934579439,-0.2710280373831775,-0.2897196261682243,-0.6822429906542056,-0.1588785046728972,-0.6261682242990654,-0.1775700934579439,-0.6074766355140186,-0.0841121495327103,-0.6074766355140186,-0.0093457943925234,-0.7943925233644860,-0.1214953271028037,-0.7570093457943925,-0.1028037383177570,-0.7196261682242990,-0.0280373831775701,-0.7196261682242990,0.0467289719626168,-0.9065420560747663,-0.0467289719626168,-0.8691588785046729,-0.0467289719626168,-0.8317757009345794,0.0280373831775701,-0.8317757009345794,0.0841121495327103,-1.0000000000000000,0.0280373831775701,-0.9813084112149533,0.0093457943925234,-0.9439252336448598,0.0841121495327103,-0.9439252336448598,0.1401869158878505,0.7196261682242990,-0.3271028037383177,0.5140186915887850,-0.2523364485981308,0.2710280373831775,-0.2897196261682243,0.0280373831775701,-0.2897196261682243,-0.1214953271028037,-0.2897196261682243,0.3644859813084112,-0.7570093457943925,0.0093457943925234,-0.7570093457943925,-0.0841121495327103,-0.6074766355140186,-0.0841121495327103,-0.5140186915887850,0.3831775700934579,-0.8130841121495327,0.0467289719626168,-0.7196261682242990,0.0654205607476635,-0.5514018691588785,0.1401869158878505,-0.4579439252336449,0.4018691588785047,-0.8317757009345794,0.1028037383177570,-0.7196261682242990,0.1214953271028037,-0.5514018691588785,0.1775700934579439,-0.4766355140186916,0.4018691588785047,-0.8130841121495327,0.1588785046728972,-0.7383177570093458,0.1775700934579439,-0.6074766355140186,0.2336448598130841,-0.5327102803738317
Q,1.0000000000000000,-0.0862068965517241,0.8620689655172413,-0.3275862068965517,0.6206896551724138,-0.4310344827586207,0.4137931034482759,-0.3620689655172414,0.2758620689655172,-0.2931034482758620,0.5517241379310345,-0.5000000000000000,0.2068965517241379,-0.4655172413793103,0.1034482758620690,-0.3965517241379310,0.0689655172413793,-0.2931034482758620,0.5862068965517241,-0.3620689655172414,0.2413793103448276,-0.2241379310344828,0.3103448275862069,-0.1896551724137931,0.4137931034482759,-0.1896551724137931,0.6206896551724138,-0.2241379310344828,0.3103448275862069,-0.0862068965517241,0.4137931034482759,-0.0862068965517241,0.5172413793103449,-0.1206896551724138,0.6551724137931034,-0.0517241379310345,0.4137931034482759,0.0172413793103448,0.4827586206896552,0.0172413793103448,0.5862068965517241,0.0172413793103448,-1.0000000000000000,0.0862068965517241,-0.7931034482758621,0.0172413793103448,-0.5517241379310345,-0.0172413793103448,-0.3793103448275862,-0.0172413793103448,-0.3103448275862069,0.0172413793103448,-0.4482758620689655,-0.2241379310344828,-0.2068965517241379,-0.2586206896551724,-0.1034482758620690,-0.2931034482758620,0.0000000000000000,-0.3275862068965517,-0.4827586206896552,-0.1551724137931035,-0.2758620689655172,0.0172413793103448,-0.3448275862068966,0.0172413793103448,-0.4137931034482759,-0.0172413793103448,-0.5862068965517241,-0.0517241379310345,-0.3793103448275862,0.1206896551724138,-0.4482758620689655,0.1206896551724138,-0.5172413793103449,0.0862068965517241,-0.6551724137931034,0.0517241379310345,-0.5172413793103449,0.1896551724137931,-0.5862068965517241,0.1896551724137931,-0.6551724137931034,0.1551724137931035
Q,1.0000000000000000,-0.3194444444444444,0.6388888888888888,-0.2361111111111111,0.3333333333333333,-0.2083333333333333,0.1666666666666667,-0.1805555555555556,0.0277777777777778,-0.1527777777777778,0.3055555555555556,-0.6527777777777778,0.0833333333333333,-0.5416666666666666,-0.0277777777777778,-0.4027777777777778,-0.1388888888888889,-0.2638888888888889,0.4444444444444444,-0.6527777777777778,0.1666666666666667,-0.4583333333333333,0.0277777777777778,-0.3194444444444444,-0.0555555555555556,-0.2083333333333333,0.6111111111111112,-0.5972222222222222,0.4444444444444444,-0.3194444444444444,0.5555555555555556,-0.2361111111111111,0.6111111111111112,-0.2361111111111111,0.7777777777777778,-0.5416666666666666,0.6666666666666666,-0.3472222222222222,0.6944444444444444,-0.2638888888888889,0.7222222222222222,-0.2638888888888889,-1.0000000000000000,0.3194444444444444,-0.8888888888888888,0.0416666666666667,-0.6388888888888888,-0.0972222222222222,-0.4166666666666667,-0.0972222222222222,-0.2777777777777778,0.0138888888888889,-0.6111111111111112,-0.1527777777777778,-0.3055555555555556,-0.2916666666666667,-0.0833333333333333,-0.3194444444444444,0.0555555555555556,-0.3194444444444444,-0.5555555555555556,0.0416666666666667,-0.2222222222222222,0.0694444444444444,-0.3055555555555556,0.1250000000000000,-0.4444444444444444,0.1250000000000000,-0.5277777777777778,0.2638888888888889,-0.2500000000000000,0.2638888888888889,-0.3333333333333333,0.2916666666666667,-0.4722222222222222,0.2916666666666667,-0.5277777777777778,0.4583333333333333,-0.3055555555555556,0.4305555555555556,-0.3888888888888889,0.4305555555555556,-0.5000000000000000,0.4305555555555556
Q,1.0000000000000000,0.2173913043478261,0.9710144927536232,-0.0144927536231884,0.7681159420289855,-0.2463768115942029,0.5652173913043478,-0.3333333333333333,0.3623188405797101,-0.3333333333333333,0.7971014492753623,-0.2753623188405797,0.4782608695652174,-0.3623188405797101,0.3043478260869565,-0.3913043478260870,0.2173913043478261,-0.3623188405797101,0.7681159420289855,-0.1304347826086956,0.3913043478260870,-0.1594202898550725,0.4492753623188406,-0.1014492753623188,0.5652173913043478,-0.0724637681159420,0.7101449275362319,0.0724637681159420,0.3913043478260870,0.0144927536231884,0.4492753623188406,0.0434782608695652,0.5362318840579711,0.0724637681159420,0.6521739130434783,0.2173913043478261,0.3913043478260870,0.1594202898550725,0.4492753623188406,0.1884057971014493,0.5072463768115942,0.2173913043478261,-1.0000000000000000,-0.2173913043478261,-0.7681159420289855,-0.3333333333333333,-0.5072463768115942,-0.3333333333333333,-0.3333333333333333,-0.1884057971014493,-0.2173913043478261,-0.0434782608695652,-0.3913043478260870,-0.5362318840579711,-0.1304347826086956,-0.5652173913043478,0.0434782608695652,-0.5072463768115942,0.1304347826086956,-0.4492753623188406,-0.4492753623188406,-0.4492753623188406,-0.1884057971014493,-0.1594202898550725,-0.2753623188405797,-0.1014492753623188,-0.3623188405797101,-0.1304347826086956,-0.5652173913043478,-0.3043478260869565,-0.3333333333333333,-0.0434782608695652,-0.4202898550724637,-0.0434782608695652,-0.5072463768115942,-0.1014492753623188,-0.6811594202898551,-0.1884057971014493,-0.4782608695652174,0.0144927536231884,-0.5652173913043478,0.0144927536231884,-0.6521739130434783,-0.0434782608695652
Q,0.3857142857142857,-1.0000000000000000,0.2428571428571429,-0.8571428571428571,0.1285714285714286,-0.6571428571428571,0.0714285714285714,-0.4857142857142857,0.1000000000000000,-0.3428571428571429,0.2428571428571429,-0.6571428571428571,0.2142857142857143,-0.4571428571428571,0.1857142857142857,-0.3714285714285714,0.1857142857142857,-0.2857142857142857,0.3857142857142857,-0.6857142857142857,0.4142857142857143,-0.5142857142857142,0.4714285714285714,-0.4000000000000000,0.5000000000000000,-0.3142857142857143,0.5285714285714286,-0.7142857142857143,0.6142857142857143,-0.6000000000000000,0.6714285714285714,-0.5142857142857142,0.7571428571428571,-0.4285714285714285,0.6142857142857143,-0.7714285714285715,0.7285714285714285,-0.6571428571428571,0.8428571428571429,-0.5714285714285714,0.9285714285714286,-0.5142857142857142,-0.3857142857142857,1.0000000000000000,-0.3000000000000000,0.6285714285714286,-0.1857142857142857,0.3714285714285714,-0.0428571428571429,0.3142857142857143,0.0428571428571429,0.3428571428571429,-0.1000000000000000,0.2571428571428571,-0.0142857142857143,-0.0857142857142857,0.0714285714285714,-0.2857142857142857,0.1571428571428571,-0.4285714285714285,-0.0142857142857143,0.4000000000000000,0.1285714285714286,0.3428571428571429,0.1000000000000000,0.4571428571428571,0.0142857142857143,0.5142857142857142,0.0428571428571429,0.5714285714285714,0.1571428571428571,0.5714285714285714,0.1000000000000000,0.6285714285714286,0.0142857142857143,0.6857142857142857,0.0714285714285714,0.7714285714285715,0.1285714285714286,0.7714285714285715,0.0714285714285714,0.8285714285714286,-0.0142857142857143,0.8571428571428571
Q,0.5800000000000000,1.0000000000000000,0.5800000000000000,0.7200000000000000,0.4600000000000000,0.3600000000000000,0.3000000000000000,0.1200000000000000,0.1800000000000000,-0.0400000000000000,0.4600000000000000,0.2400000000000000,0.2600000000000000,-0.0400000000000000,0.1000000000000000,-0.2400000000000000,-0.0600000000000000,-0.3600000000000000,0.3800000000000000,0.2800000000000000,0.1800000000000000,0.0000000000000000,0.0200000000000000,-0.2000000000000000,-0.1000000000000000,-0.3600000000000000,0.2600000000000000,0.3200000000000000,0.0600000000000000,0.0400000000000000,-0.0600000000000000,-0.1600000000000000,-0.1800000000000000,-0.3200000000000000,0.1000000000000000,0.4000000000000000,-0.0200000000000000,0.1200000000000000,-0.1000000000000000,-0.0400000000000000,-0.1800000000000000,-0.1600000000000000,-0.5800000000000000,-1.0000000000000000,-0.3400000000000000,-0.8800000000000000,-0.1800000000000000,-0.6400000000000000,-0.0600000000000000,-0.4800000000000000,0.0200000000000000,-0.4000000000000000,-0.3800000000000000,-0.5600000000000001,-0.3400000000000000,-0.3600000000000000,-0.3000000000000000,-0.2800000000000000,-0.2200000000000000,-0.2000000000000000,-0.5400000000000000,-0.6000000000000000,-0.5400000000000000,-0.3600000000000000,-0.5000000000000000,-0.2400000000000000,-0.5000000000000000,-0.1600000000000000,-0.6600000000000000,-0.6400000000000000,-0.7400000000000000,-0.4000000000000000,-0.7400000000000000,-0.2400000000000000,-0.7400000000000000,-0.1200000000000000,-0.8200000000000000,-0.6800000000000000,-0.8200000000000000,-0.4800000000000000,-0.8600000000000000,-0.3200000000000000,-0.8600000000000000,-0.1600000000000000
Q,0.6470588235294118,1.0000000000000000,0.6078431372549019,0.7254901960784313,0.4901960784313725,0.3725490196078431,0.2941176470588235,0.1372549019607843,0.1764705882352941,-0.0196078431372549,0.4509803921568628,0.2549019607843137,0.2549019607843137,-0.0196078431372549,0.0588235294117647,-0.2549019607843137,-0.0980392156862745,-0.4117647058823529,0.3725490196078431,0.2941176470588235,0.1764705882352941,-0.0196078431372549,0.0196078431372549,-0.2156862745098039,-0.1372549019607843,-0.4117647058823529,0.2941176470588235,0.3333333333333333,0.0980392156862745,0.0196078431372549,-0.0588235294117647,-0.1764705882352941,-0.1764705882352941,-0.3333333333333333,0.1764705882352941,0.4117647058823529,0.0196078431372549,0.1372549019607843,-0.0588235294117647,-0.0196078431372549,-0.1764705882352941,-0.1372549019607843,-0.6470588235294118,-1.0000000000000000,-0.4117647058823529,-0.8823529411764706,-0.2549019607843137,-0.6078431372549019,-0.1764705882352941,-0.4509803921568628,-0.0980392156862745,-0.3333333333333333,-0.5294117647058824,-0.4901960784313725,-0.5294117647058824,-0.2549019607843137,-0.4901960784313725,-0.1372549019607843,-0.4901960784313725,-0.0588235294117647,-0.6470588235294118,-0.4901960784313725,-0.6862745098039216,-0.2156862745098039,-0.6862745098039216,-0.0980392156862745,-0.6862745098039216,0.0196078431372549,-0.7647058823529411,-0.4901960784313725,-0.8039215686274510,-0.2549019607843137,-0.7647058823529411,-0.0588235294117647,-0.7647058823529411,0.0588235294117647,-0.8431372549019608,-0.5294117647058824,-0.8823529411764706,-0.2941176470588235,-0.8823529411764706,-0.1372549019607843,-0.8823529411764706,-0.0196078431372549
Q,1.0000000000000000,-0.0100000000000000,0.7400000000000000,-0.3500000000000000,0.4400000000000000,-0.5900000000000000,0.1400000000000000,-0.6100000000000000,-0.0200000000000000,-0.4700000000000000,0.6000000000000000,-0.9700000000000000,0.1600000000000000,-0.8300000000000000,0.0400000000000000,-0.6100000000000000,0.0200000000000000,-0.4700000000000000,0.7200000000000000,-0.7500000000000000,0.2200000000000000,-0.4300000000000000,0.3200000000000000,-0.3500000000000000,0.4800000000000000,-0.3900000000000000,0.8200000000000000,-0.4500000000000000,0.3000000000000000,-0.1500000000000000,0.4400000000000000,-0.1300000000000000,0.5800000000000000,-0.1900000000000000,0.8600000000000000,-0.1700000000000000,0.4400000000000000,0.0500000000000000,0.5200000000000000,0.0300000000000000,0.6600000000000000,-0.0300000000000000,-1.0000000000000000,0.0100000000000000,-0.7400000000000000,-0.1500000000000000,-0.4600000000000000,-0.1900000000000000,-0.2600000000000000,-0.0500000000000000,-0.1600000000000000,0.0900000000000000,-0.3600000000000000,-0.6100000000000000,-0.2000000000000000,-0.5500000000000000,-0.1200000000000000,-0.5900000000000000,-0.0800000000000000,-0.6700000000000000,-0.4400000000000000,-0.5100000000000000,-0.1800000000000000,-0.1100000000000000,-0.2400000000000000,0.0700000000000000,-0.3200000000000000,0.1100000000000000,-0.5400000000000000,-0.3500000000000000,-0.3200000000000000,0.0900000000000000,-0.3600000000000000,0.2300000000000000,-0.4400000000000000,0.2300000000000000,-0.6600000000000000,-0.1700000000000000,-0.4600000000000000,0.1700000000000000,-0.4800000000000000,0.2700000000000000,-0.5400000000000000,0.2700000000000000
Q,0.9795918367346939,-0.0612244897959184,0.6938775510204082,-0.3877551020408163,0.4081632653061225,-0.6326530612244898,0.1224489795918367,-0.7142857142857143,-0.0816326530612245,-0.7142857142857143,0.5306122448979592,-1.0000000000000000,0.2040816326530612,-0.8775510204081632,0.0000000000000000,-0.6734693877551020,-0.1224489795918367,-0.5510204081632653,0.6938775510204082,-0.7959183673469388,0.2448979591836735,-0.5510204081632653,0.3265306122448979,-0.4693877551020408,0.4489795918367347,-0.4693877551020408,0.7755102040816326,-0.5102040816326531,0.3265306122448979,-0.2653061224489796,0.4489795918367347,-0.2244897959183673,0.5714285714285714,-0.2653061224489796,0.8571428571428571,-0.2244897959183673,0.4897959183673469,-0.0612244897959184,0.5306122448979592,-0.0612244897959184,0.6530612244897959,-0.1020408163265306,-0.9795918367346939,0.0612244897959184,-0.7346938775510204,-0.0612244897959184,-0.4489795918367347,-0.0612244897959184,-0.2857142857142857,0.0612244897959184,-0.2040816326530612,0.2244897959183673,-0.3673469387755102,-0.5918367346938775,-0.2040816326530612,-0.6734693877551020,-0.0816326530612245,-0.7959183673469388,0.0000000000000000,-0.9183673469387755,-0.4489795918367347,-0.5510204081632653,-0.2040816326530612,-0.1020408163265306,-0.2857142857142857,-0.0204081632653061,-0.3673469387755102,-0.0204081632653061,-0.5714285714285714,-0.4285714285714285,-0.3673469387755102,0.0612244897959184,-0.4081632653061225,0.1020408163265306,-0.4897959183673469,0.0612244897959184,-0.6938775510204082,-0.2244897959183673,-0.4897959183673469,0.1428571428571428,-0.5306122448979592,0.1836734693877551,-0.6122448979591837,0.1428571428571428
Q,1.0000000000000000,0.0573770491803279,0.8524590163934426,-0.1885245901639344,0.6229508196721312,-0.4180327868852459,0.3606557377049180,-0.5327868852459017,0.1803278688524590,-0.5655737704918032,0.7377049180327869,-0.3524590163934426,0.3606557377049180,-0.3688524590163935,0.1803278688524590,-0.3524590163934426,0.0983606557377049,-0.3360655737704918,0.7704918032786885,-0.0901639344262295,0.3606557377049180,-0.1229508196721311,0.3114754098360656,-0.1393442622950820,0.3278688524590164,-0.1557377049180328,0.7540983606557377,0.1229508196721311,0.3770491803278688,0.0737704918032787,0.3770491803278688,0.0573770491803279,0.4426229508196721,0.0409836065573770,0.7377049180327869,0.3196721311475410,0.3770491803278688,0.2868852459016393,0.3442622950819672,0.2377049180327869,0.3770491803278688,0.1885245901639344,-1.0000000000000000,-0.0573770491803279,-0.7704918032786885,-0.2213114754098361,-0.4590163934426230,-0.2049180327868853,-0.2622950819672131,-0.0245901639344262,-0.1639344262295082,0.1885245901639344,-0.4262295081967213,-0.5163934426229508,-0.1475409836065574,-0.6475409836065574,0.0327868852459016,-0.5655737704918032,0.1311475409836066,-0.4508196721311475,-0.4918032786885246,-0.4016393442622951,-0.1475409836065574,-0.0737704918032787,-0.2459016393442623,0.0409836065573770,-0.3606557377049180,0.0409836065573770,-0.5737704918032787,-0.2213114754098361,-0.2950819672131147,0.1229508196721311,-0.3934426229508197,0.1557377049180328,-0.4918032786885246,0.0737704918032787,-0.6557377049180327,-0.0409836065573770,-0.4262295081967213,0.2540983606557377,-0.5081967213114754,0.2540983606557377,-0.6065573770491803,0.1557377049180328
Q,1.0000000000000000,-0.0847457627118644,0.7966101694915254,-0.3898305084745763,0.5254237288135594,-0.6610169491525424,0.2881355932203390,-0.8305084745762712,0.0508474576271186,-0.8983050847457628,0.5932203389830508,-0.7288135593220338,0.3220338983050847,-0.7288135593220338,0.1864406779661017,-0.6949152542372882,0.0847457627118644,-0.6610169491525424,0.6610169491525424,-0.5593220338983050,0.3559322033898305,-0.4915254237288136,0.3220338983050847,-0.4237288135593220,0.3220338983050847,-0.4237288135593220,0.7288135593220338,-0.3220338983050847,0.4237288135593220,-0.2542372881355932,0.4237288135593220,-0.1864406779661017,0.4915254237288136,-0.1864406779661017,0.7627118644067796,-0.1186440677966102,0.4915254237288136,-0.0847457627118644,0.4915254237288136,-0.0169491525423729,0.5593220338983050,-0.0169491525423729,-1.0000000000000000,0.0847457627118644,-0.8983050847457628,-0.1864406779661017,-0.6610169491525424,-0.3898305084745763,-0.4576271186440678,-0.4237288135593220,-0.2881355932203390,-0.3559322033898305,-0.5593220338983050,-0.4915254237288136,-0.2881355932203390,-0.3559322033898305,-0.2542372881355932,-0.2203389830508475,-0.2881355932203390,-0.1525423728813559,-0.5593220338983050,-0.3559322033898305,-0.2542372881355932,-0.1525423728813559,-0.2881355932203390,-0.0847457627118644,-0.3559322033898305,-0.0508474576271186,-0.5593220338983050,-0.1864406779661017,-0.2881355932203390,0.0169491525423729,-0.3559322033898305,0.0508474576271186,-0.4237288135593220,0.0508474576271186,-0.5932203389830508,0.0169491525423729,-0.3898305084745763,0.1525423728813559,-0.4237288135593220,0.1864406779661017,-0.4915254237288136,0.1525423728813559
R,-0.3466666666666667,0.4266666666666667,-0.2000000000000000,0.3200000000000000,-0.0933333333333333,0.1866666666666667,-0.0266666666666667,0.0933333333333333,-0.0266666666666667,0.0533333333333333,-0.4000000000000000,-0.0266666666666667,-0.4266666666666667,-0.2533333333333334,-0.3600000000000000,-0.3466666666666667,-0.3066666666666666,-0.3733333333333334,-0.4266666666666667,0.0000000000000000,-0.2666666666666667,-0.0933333333333333,-0.1866666666666667,0.0000000000000000,-0.1733333333333333,0.0666666666666667,-0.4133333333333333,0.0533333333333333,-0.2666666666666667,-0.0133333333333333,-0.2000000000000000,0.0533333333333333,-0.2000000000000000,0.1066666666666667,-0.4133333333333333,0.0933333333333333,-0.2933333333333333,0.0400000000000000,-0.2266666666666667,0.0800000000000000,-0.2266666666666667,0.1333333333333333,0.3466666666666667,-0.4266666666666667,0.2533333333333334,-0.7066666666666667,0.0133333333333333,-0.8666666666666667,-0.2400000000000000,-0.9066666666666666,-0.4000000000000000,-0.9066666666666666,-0.3066666666666666,-0.7200000000000000,-0.5866666666666667,-0.7600000000000000,-0.7333333333333333,-0.7600000000000000,-0.8800000000000000,-0.7600000000000000,-0.3466666666666667,-0.5866666666666667,-0.6400000000000000,-0.6133333333333333,-0.8400000000000000,-0.6133333333333333,-1.0000000000000000,-0.6133333333333333,-0.3333333333333333,-0.4400000000000000,-0.6133333333333333,-0.4533333333333333,-0.7733333333333333,-0.4666666666666667,-0.9333333333333333,-0.4666666666666667,-0.2666666666666667,-0.2933333333333333,-0.4666666666666667,-0.3200000000000000,-0.5466666666666666,-0.3333333333333333,-0.6133333333333333,-0.3466666666666667
R,0.0303030303030303,-0.3939393939393939,0.0505050505050505,-0.5757575757575758,0.1313131313131313,-0.7373737373737373,0.1919191919191919,-0.8787878787878788,0.2323232323232323,-1.0000000000000000,0.2929292929292929,-0.6565656565656566,0.4545454545454545,-0.7373737373737373,0.5353535353535354,-0.7777777777777778,0.6161616161616161,-0.7979797979797980,0.3333333333333333,-0.5555555555555556,0.4949494949494950,-0.6161616161616161,0.5959595959595959,-0.6565656565656566,0.6767676767676768,-0.6767676767676768,0.3333333333333333,-0.4343434343434344,0.4949494949494950,-0.4747474747474748,0.5757575757575758,-0.4747474747474748,0.6565656565656566,-0.4949494949494950,0.3131313131313131,-0.3131313131313131,0.4343434343434344,-0.2929292929292929,0.4949494949494950,-0.2929292929292929,0.5555555555555556,-0.2929292929292929,-0.0303030303030303,0.3939393939393939,-0.1111111111111111,0.2323232323232323,-0.1313131313131313,0.0505050505050505,-0.1111111111111111,-0.0909090909090909,-0.1111111111111111,-0.1717171717171717,0.0909090909090909,0.0101010101010101,0.1313131313131313,-0.1919191919191919,0.1111111111111111,-0.3131313131313131,0.0909090909090909,-0.3939393939393939,0.1313131313131313,0.0303030303030303,0.1515151515151515,-0.1717171717171717,0.1313131313131313,-0.2727272727272727,0.1111111111111111,-0.3737373737373738,0.1515151515151515,0.0303030303030303,0.1717171717171717,-0.1313131313131313,0.1515151515151515,-0.2323232323232323,0.1313131313131313,-0.3333333333333333,0.1515151515151515,0.0505050505050505,0.1717171717171717,-0.0909090909090909,0.1515151515151515,-0.1919191919191919,0.1313131313131313,-0.2727272727272727
R,0.0333333333333333,-0.4222222222222222,0.0111111111111111,-0.6000000000000000,0.0333333333333333,-0.7777777777777778,0.1000000000000000,-0.9111111111111111,0.1222222222222222,-1.0000000000000000,0.2555555555555555,-0.7333333333333333,0.3888888888888889,-0.8222222222222222,0.4777777777777778,-0.8666666666666667,0.5666666666666667,-0.9111111111111111,0.3222222222222222,-0.6222222222222222,0.4555555555555555,-0.7111111111111111,0.5666666666666667,-0.7333333333333333,0.6555555555555556,-0.7555555555555555,0.3222222222222222,-0.5111111111111111,0.4777777777777778,-0.5333333333333333,0.5888888888888889,-0.5555555555555556,0.6555555555555556,-0.5777777777777777,0.3000000000000000,-0.3777777777777778,0.4111111111111111,-0.3555555555555556,0.5000000000000000,-0.3333333333333333,0.5666666666666667,-0.3333333333333333,-0.0333333333333333,0.4222222222222222,-0.1222222222222222,0.2444444444444444,-0.1444444444444444,0.0666666666666667,-0.1444444444444444,-0.0666666666666667,-0.1444444444444444,-0.1333333333333333,0.0555555555555556,0.0000000000000000,0.1000000000000000,-0.1777777777777778,0.0777777777777778,-0.2888888888888889,0.0333333333333333,-0.4000000000000000,0.1000000000000000,0.0222222222222222,0.1222222222222222,-0.1777777777777778,0.1000000000000000,-0.3111111111111111,0.0777777777777778,-0.4000000000000000,0.1222222222222222,0.0444444444444444,0.1222222222222222,-0.1333333333333333,0.1000000000000000,-0.2666666666666667,0.0777777777777778,-0.3555555555555556,0.1222222222222222,0.0888888888888889,0.1222222222222222,-0.0444444444444444,0.1000000000000000,-0.1555555555555556,0.0777777777777778,-0.2222222222222222
R,0.0303030303030303,-0.3939393939393939,0.0505050505050505,-0.5757575757575758,0.1313131313131313,-0.7373737373737373,0.1919191919191919,-0.8787878787878788,0.2323232323232323,-1.0000000000000000,0.2929292929292929,-0.6565656565656566,0.4545454545454545,-0.7373737373737373,0.5353535353535354,-0.7777777777777778,0.6161616161616161,-0.7979797979797980,0.3333333333333333,-0.5555555555555556,0.4949494949494950,-0.6161616161616161,0.5959595959595959,-0.6565656565656566,0.6767676767676768,-0.6767676767676768,0.3333333333333333,-0.4343434343434344,0.4949494949494950,-0.4747474747474748,0.5757575757575758,-0.4747474747474748,0.6565656565656566,-0.4949494949494950,0.3131313131313131,-0.3131313131313131,0.4343434343434344,-0.2929292929292929,0.4949494949494950,-0.2929292929292929,0.5555555555555556,-0.2929292929292929,-0.0303030303030303,0.3939393939393939,-0.1111111111111111,0.2323232323232323,-0.1313131313131313,0.0505050505050505,-0.1111111111111111,-0.0909090909090909,-0.1111111111111111,-0.1717171717171717,0.0909090909090909,0.0101010101010101,0.1313131313131313,-0.1919191919191919,0.1111111111111111,-0.3131313131313131,0.0909090909090909,-0.3939393939393939,0.1313131313131313,0.0303030303030303,0.1515151515151515,-0.1717171717171717,0.1313131313131313,-0.2727272727272727,0.1111111111111111,-0.3737373737373738,0.1515151515151515,0.0303030303030303,0.1717171717171717,-0.1313131313131313,0.1515151515151515,-0.2323232323232323,0.1313131313131313,-0.3333333333333333,0.1515151515151515,0.0505050505050505,0.1717171717171717,-0.0909090909090909,0.1515151515151515,-0.1919191919191919,0.1313131313131313,-0.2727272727272727
R,0.0333333333333333,-0.4222222222222222,0.0111111111111111,-0.6000000000000000,0.0333333333333333,-0.7777777777777778,0.1000000000000000,-0.9111111111111111,0.1222222222222222,-1.0000000000000000,0.2555555555555555,-0.7333333333333333,0.3888888888888889,-0.8222222222222222,0.4777777777777778,-0.8666666666666667,0.5666666666666667,-0.9111111111111111,0.3222222222222222,-0.6222222222222222,0.4555555555555555,-0.7111111111111111,0.5666666666666667,-0.7333333333333333,0.6555555555555556,-0.7555555555555555,0.3222222222222222,-0.5111111111111111,0.4777777777777778,-0.5333333333333333,0.5888888888888889,-0.5555555555555556,0.6555555555555556,-0.5777777777777777,0.3000000000000000,-0.3777777777777778,0.4111111111111111,-0.3555555555555556,0.5000000000000000,-0.3333333333333333,0.5666666666666667,-0.3333333333333333,-0.0333333333333333,0.4222222222222222,-0.1222222222222222,0.2444444444444444,-0.1444444444444444,0.0666666666666667,-0.1444444444444444,-0.0666666666666667,-0.1444444444444444,-0.1333333333333333,0.0555555555555556,0.0000000000000000,0.1000000000000000,-0.1777777777777778,0.0777777777777778,-0.2888888888888889,0.0333333333333333,-0.4000000000000000,0.1000000000000000,0.0222222222222222,0.1222222222222222,-0.1777777777777778,0.1000000000000000,-0.3111111111111111,0.0777777777777778,-0.4000000000000000,0.1222222222222222,0.0444444444444444,0.1222222222222222,-0.1333333333333333,0.1000000000000000,-0.2666666666666667,0.0777777777777778,-0.3555555555555556,0.1222222222222222,0.0888888888888889,0.1222222222222222,-0.0444444444444444,0.1000000000000000,-0.1555555555555556,0.0777777777777778,-0.2222222222222222
R,0.0786516853932584,-0.3932584269662922,0.1011235955056180,-0.5955056179775281,0.1910112359550562,-0.7752808988764045,0.2808988764044944,-0.8876404494382022,0.3707865168539326,-1.0000000000000000,0.4606741573033708,-0.7078651685393258,0.6853932584269663,-0.7752808988764045,0.7977528089887640,-0.8202247191011236,0.9101123595505618,-0.8426966292134831,0.5056179775280899,-0.5955056179775281,0.7303370786516854,-0.6404494382022472,0.8876404494382022,-0.6629213483146067,1.0000000000000000,-0.6853932584269663,0.5056179775280899,-0.4831460674157304,0.7303370786516854,-0.5056179775280899,0.8651685393258427,-0.5280898876404494,0.9775280898876404,-0.5280898876404494,0.4831460674157304,-0.3483146067415731,0.6404494382022472,-0.3258426966292135,0.7528089887640449,-0.3258426966292135,0.8426966292134831,-0.3033707865168540,-0.0786516853932584,0.3932584269662922,-0.1685393258426966,0.1685393258426966,-0.1910112359550562,-0.0337078651685393,-0.1685393258426966,-0.1460674157303371,-0.1235955056179775,-0.2134831460674157,0.1460674157303371,-0.0561797752808989,0.1685393258426966,-0.2359550561797753,0.1460674157303371,-0.3483146067415731,0.1011235955056180,-0.4382022471910113,0.2134831460674157,0.0112359550561798,0.2134831460674157,-0.1910112359550562,0.1910112359550562,-0.3258426966292135,0.1235955056179775,-0.3932584269662922,0.2359550561797753,0.0786516853932584,0.2359550561797753,-0.1235955056179775,0.1910112359550562,-0.2359550561797753,0.1460674157303371,-0.3258426966292135,0.2134831460674157,0.1235955056179775,0.2134831460674157,-0.0337078651685393,0.1910112359550562,-0.1235955056179775,0.1685393258426966,-0.1910112359550562
R,0.0480769230769231,-0.2307692307692308,-0.0480769230769231,-0.3076923076923077,-0.1250000000000000,-0.4230769230769231,-0.1442307692307692,-0.5192307692307693,-0.1826923076923077,-0.5961538461538461,-0.0096153846153846,-0.6153846153846154,-0.0096153846153846,-0.7884615384615384,0.0096153846153846,-0.9038461538461539,0.0096153846153846,-1.0000000000000000,0.0480769230769231,-0.5961538461538461,0.0865384615384615,-0.7884615384615384,0.0865384615384615,-0.9038461538461539,0.1057692307692308,-1.0000000000000000,0.1250000000000000,-0.5576923076923077,0.1634615384615385,-0.7115384615384616,0.1826923076923077,-0.8269230769230769,0.2019230769230769,-0.9038461538461539,0.1826923076923077,-0.4807692307692308,0.2596153846153846,-0.5961538461538461,0.2980769230769231,-0.6538461538461539,0.3365384615384616,-0.7307692307692307,-0.0480769230769231,0.2307692307692308,-0.1442307692307692,0.1153846153846154,-0.1634615384615385,0.0000000000000000,-0.1634615384615385,-0.0961538461538462,-0.1634615384615385,-0.1538461538461539,0.0288461538461538,-0.0576923076923077,0.0673076923076923,-0.1923076923076923,0.0288461538461538,-0.2692307692307692,0.0096153846153846,-0.3076923076923077,0.0673076923076923,-0.0384615384615385,0.0865384615384615,-0.1730769230769231,0.0673076923076923,-0.2307692307692308,0.0288461538461538,-0.2692307692307692,0.1057692307692308,-0.0192307692307692,0.1057692307692308,-0.1538461538461539,0.0673076923076923,-0.2115384615384615,0.0480769230769231,-0.2500000000000000,0.1057692307692308,0.0000000000000000,0.1250000000000000,-0.1153846153846154,0.0865384615384615,-0.1730769230769231,0.0673076923076923,-0.2115384615384615
S,0.0833333333333333,0.3333333333333333,0.0833333333333333,0.1666666666666667,0.1388888888888889,-0.1111111111111111,0.0833333333333333,-0.3333333333333333,0.0277777777777778,-0.4444444444444444,0.1944444444444444,-0.2222222222222222,0.1388888888888889,-0.4444444444444444,0.0277777777777778,-0.5555555555555556,-0.0833333333333333,-0.6666666666666666,0.1944444444444444,-0.1666666666666667,0.0833333333333333,-0.3888888888888889,-0.0833333333333333,-0.5000000000000000,-0.1944444444444444,-0.5555555555555556,0.1388888888888889,-0.0555555555555556,-0.0277777777777778,-0.2777777777777778,-0.1388888888888889,-0.3888888888888889,-0.1944444444444444,-0.4444444444444444,0.0833333333333333,0.0000000000000000,-0.0833333333333333,-0.1666666666666667,-0.1388888888888889,-0.2222222222222222,-0.1944444444444444,-0.2777777777777778,-0.0833333333333333,-0.3333333333333333,0.1944444444444444,-0.2777777777777778,0.4722222222222222,-0.3888888888888889,0.5833333333333334,-0.4444444444444444,0.5833333333333334,-0.5000000000000000,0.3611111111111111,-0.9444444444444444,0.3611111111111111,-0.8888888888888888,0.3055555555555556,-0.6666666666666666,0.3055555555555556,-0.5000000000000000,0.1388888888888889,-1.0000000000000000,0.1388888888888889,-0.8333333333333334,0.1388888888888889,-0.6666666666666666,0.0833333333333333,-0.5000000000000000,-0.0833333333333333,-1.0000000000000000,-0.0833333333333333,-0.8888888888888888,-0.0833333333333333,-0.7222222222222222,-0.0833333333333333,-0.5555555555555556,-0.3055555555555556,-0.9444444444444444,-0.3055555555555556,-0.8333333333333334,-0.3055555555555556,-0.7222222222222222,-0.3055555555555556,-0.6111111111111112
S,0.3333333333333333,-0.4074074074074074,0.3333333333333333,-0.6543209876543210,0.1851851851851852,-0.8765432098765432,-0.0370370370370370,-1.0000000000000000,-0.2098765432098765,-1.0000000000000000,0.0617283950617284,-0.7530864197530864,-0.1851851851851852,-0.8518518518518519,-0.3086419753086420,-0.9259259259259259,-0.3580246913580247,-1.0000000000000000,-0.0370370370370370,-0.5802469135802469,-0.2592592592592592,-0.6790123456790124,-0.2839506172839506,-0.7283950617283951,-0.2839506172839506,-0.7777777777777778,-0.0864197530864197,-0.4320987654320987,-0.2839506172839506,-0.5308641975308642,-0.3086419753086420,-0.5555555555555556,-0.2839506172839506,-0.5802469135802469,-0.1111111111111111,-0.3086419753086420,-0.2839506172839506,-0.3827160493827160,-0.3086419753086420,-0.4320987654320987,-0.3086419753086420,-0.4320987654320987,-0.3333333333333333,0.4074074074074074,-0.1604938271604938,0.3333333333333333,-0.0617283950617284,0.2098765432098765,0.0123456790123457,0.1111111111111111,0.0864197530864197,0.0617283950617284,-0.1358024691358025,-0.0370370370370370,-0.0617283950617284,-0.1604938271604938,-0.0864197530864197,-0.0864197530864197,-0.1358024691358025,-0.0123456790123457,-0.2592592592592592,-0.0370370370370370,-0.1604938271604938,-0.0617283950617284,-0.1604938271604938,0.1111111111111111,-0.1851851851851852,0.2345679012345679,-0.4074074074074074,-0.0123456790123457,-0.3827160493827160,-0.1111111111111111,-0.3580246913580247,-0.0370370370370370,-0.3827160493827160,0.0370370370370370,-0.5802469135802469,0.0370370370370370,-0.6296296296296297,-0.1111111111111111,-0.6296296296296297,-0.1851851851851852,-0.6543209876543210,-0.2592592592592592
S,0.2708333333333333,-0.3750000000000000,0.2708333333333333,-0.6250000000000000,0.2083333333333333,-0.8333333333333334,0.1250000000000000,-0.9583333333333334,0.0208333333333333,-1.0000000000000000,0.1250000000000000,-0.7708333333333334,0.0000000000000000,-0.9375000000000000,0.0208333333333333,-0.8958333333333334,0.0625000000000000,-0.8125000000000000,0.0416666666666667,-0.6458333333333334,-0.1041666666666667,-0.7916666666666666,-0.0625000000000000,-0.7500000000000000,0.0000000000000000,-0.6875000000000000,-0.0208333333333333,-0.5208333333333334,-0.1458333333333333,-0.6458333333333334,-0.1041666666666667,-0.6041666666666666,-0.0625000000000000,-0.5416666666666666,-0.0625000000000000,-0.4166666666666667,-0.1666666666666667,-0.5000000000000000,-0.1250000000000000,-0.4791666666666667,-0.1041666666666667,-0.4166666666666667,-0.2708333333333333,0.3750000000000000,-0.1250000000000000,0.3333333333333333,0.0000000000000000,0.2291666666666667,0.0833333333333333,0.1458333333333333,0.1041666666666667,0.0416666666666667,0.0416666666666667,0.0625000000000000,0.0833333333333333,-0.0833333333333333,0.0625000000000000,0.0000000000000000,0.0208333333333333,0.0833333333333333,-0.0416666666666667,0.0208333333333333,0.0208333333333333,-0.1041666666666667,0.0000000000000000,0.0208333333333333,-0.0416666666666667,0.1458333333333333,-0.1041666666666667,0.0000000000000000,-0.0625000000000000,-0.0833333333333333,-0.0625000000000000,0.0625000000000000,-0.0833333333333333,0.1666666666666667,-0.2083333333333333,0.0000000000000000,-0.1250000000000000,-0.0625000000000000,-0.1250000000000000,0.0416666666666667,-0.1458333333333333,0.1250000000000000
S,0.2477064220183486,-0.5229357798165137,0.2110091743119266,-0.6880733944954128,0.1376146788990826,-0.8348623853211009,0.0825688073394495,-0.9266055045871560,0.0275229357798165,-0.9633027522935780,0.1376146788990826,-0.8715596330275229,0.1009174311926606,-0.9449541284403670,0.1009174311926606,-0.9816513761467890,0.1192660550458716,-1.0000000000000000,0.1009174311926606,-0.7981651376146789,0.0458715596330275,-0.8715596330275229,0.0458715596330275,-0.8715596330275229,0.0642201834862385,-0.8532110091743119,0.0642201834862385,-0.7064220183486238,0.0091743119266055,-0.7798165137614679,-0.0091743119266055,-0.7798165137614679,0.0091743119266055,-0.7614678899082569,0.0275229357798165,-0.6330275229357798,-0.0275229357798165,-0.6880733944954128,-0.0275229357798165,-0.7064220183486238,-0.0091743119266055,-0.7064220183486238,-0.2477064220183486,0.5229357798165137,-0.1559633027522936,0.5779816513761468,-0.0825688073394495,0.5963302752293578,-0.0458715596330275,0.6146788990825688,-0.0275229357798165,0.5779816513761468,-0.0458715596330275,0.3027522935779817,-0.0091743119266055,0.2660550458715596,-0.0275229357798165,0.2844036697247707,-0.0275229357798165,0.3027522935779817,-0.1009174311926606,0.2293577981651376,-0.0642201834862385,0.1009174311926606,-0.0458715596330275,0.0091743119266055,-0.0458715596330275,-0.0642201834862385,-0.1559633027522936,0.1926605504587156,-0.1009174311926606,0.0458715596330275,-0.1009174311926606,-0.0642201834862385,-0.0642201834862385,-0.1376146788990826,-0.2110091743119266,0.1743119266055046,-0.1743119266055046,0.0642201834862385,-0.1559633027522936,-0.0275229357798165,-0.1376146788990826,-0.1009174311926606
S,0.3214285714285715,-0.4821428571428572,0.1964285714285714,-0.7857142857142857,-0.0535714285714286,-0.9285714285714286,-0.3214285714285715,-0.9642857142857143,-0.5178571428571429,-0.9464285714285714,-0.1785714285714286,-0.8035714285714286,-0.5357142857142857,-0.9285714285714286,-0.6607142857142857,-0.9821428571428571,-0.6785714285714286,-1.0000000000000000,-0.2500000000000000,-0.6071428571428571,-0.6250000000000000,-0.7142857142857143,-0.7678571428571429,-0.8035714285714286,-0.8035714285714286,-0.8392857142857143,-0.2500000000000000,-0.4285714285714285,-0.6250000000000000,-0.5000000000000000,-0.7500000000000000,-0.5714285714285714,-0.8035714285714286,-0.6071428571428571,-0.2142857142857143,-0.3214285714285715,-0.4642857142857143,-0.1785714285714286,-0.6071428571428571,-0.1428571428571428,-0.6785714285714286,-0.1250000000000000,-0.3214285714285715,0.4821428571428572,-0.4642857142857143,0.6250000000000000,-0.5000000000000000,0.6964285714285714,-0.4285714285714285,0.7857142857142857,-0.3214285714285715,0.8392857142857143,-0.3392857142857143,0.1607142857142857,-0.4285714285714285,0.0714285714285714,-0.5357142857142857,0.0892857142857143,-0.6607142857142857,0.1071428571428571,-0.2321428571428572,0.1428571428571428,-0.3392857142857143,0.1964285714285714,-0.5535714285714286,0.3750000000000000,-0.7321428571428571,0.5000000000000000,-0.1428571428571428,0.2321428571428572,-0.2321428571428572,0.2857142857142857,-0.4642857142857143,0.4464285714285715,-0.6607142857142857,0.5535714285714286,-0.0714285714285714,0.3392857142857143,-0.0892857142857143,0.4642857142857143,-0.2142857142857143,0.5892857142857143,-0.3214285714285715,0.6785714285714286
S,0.2040816326530612,-0.2448979591836735,0.2040816326530612,-0.4285714285714285,0.1224489795918367,-0.5918367346938775,0.0204081632653061,-0.6938775510204082,-0.0816326530612245,-0.7142857142857143,0.0816326530612245,-0.6122448979591837,-0.1020408163265306,-0.6938775510204082,-0.1020408163265306,-0.6530612244897959,-0.0408163265306122,-0.5918367346938775,0.0204081632653061,-0.5102040816326531,-0.1428571428571428,-0.5918367346938775,-0.1428571428571428,-0.5306122448979592,-0.1020408163265306,-0.5102040816326531,-0.0204081632653061,-0.3877551020408163,-0.1632653061224490,-0.4285714285714285,-0.1632653061224490,-0.4081632653061225,-0.1224489795918367,-0.3877551020408163,-0.0408163265306122,-0.2653061224489796,-0.1632653061224490,-0.3061224489795918,-0.1632653061224490,-0.2857142857142857,-0.1428571428571428,-0.2653061224489796,-0.2040816326530612,0.2448979591836735,-0.1632653061224490,0.4081632653061225,-0.1428571428571428,0.6122448979591837,-0.1020408163265306,0.7755102040816326,-0.0816326530612245,0.8979591836734694,-0.0408163265306122,0.5714285714285714,-0.0408163265306122,0.7551020408163265,-0.0816326530612245,0.8979591836734694,-0.1224489795918367,1.0000000000000000,-0.0408163265306122,0.4897959183673469,-0.0816326530612245,0.6938775510204082,-0.1428571428571428,0.8367346938775511,-0.2244897959183673,0.9387755102040817,-0.0816326530612245,0.4285714285714285,-0.1224489795918367,0.6122448979591837,-0.1632653061224490,0.7346938775510204,-0.2244897959183673,0.8571428571428571,-0.1224489795918367,0.3673469387755102,-0.1224489795918367,0.4489795918367347,-0.1632653061224490,0.5306122448979592,-0.1836734693877551,0.5918367346938775
S,0.4050632911392405,-0.2911392405063291,0.4050632911392405,-0.6455696202531646,0.2278481012658228,-0.8987341772151899,-0.0759493670886076,-1.0000000000000000,-0.2784810126582278,-0.9493670886075949,-0.0506329113924051,-0.5949367088607594,-0.3797468354430380,-0.7974683544303798,-0.2278481012658228,-0.8481012658227848,-0.0759493670886076,-0.7974683544303798,-0.1265822784810127,-0.3924050632911392,-0.4303797468354431,-0.6455696202531646,-0.2784810126582278,-0.7215189873417721,-0.1518987341772152,-0.6455696202531646,-0.1772151898734177,-0.2405063291139241,-0.4303797468354431,-0.4683544303797468,-0.3037974683544304,-0.5443037974683544,-0.2025316455696203,-0.4936708860759494,-0.2025316455696203,-0.1392405063291139,-0.4050632911392405,-0.3417721518987342,-0.3291139240506329,-0.3924050632911392,-0.2531645569620253,-0.3417721518987342,-0.4050632911392405,0.2911392405063291,-0.1518987341772152,0.2911392405063291,0.0759493670886076,0.3164556962025317,0.2531645569620253,0.3417721518987342,0.3291139240506329,0.3924050632911392,0.2025316455696203,0.1898734177215190,0.3544303797468354,0.1898734177215190,0.3037974683544304,0.3417721518987342,0.2278481012658228,0.4430379746835443,0.1012658227848101,0.1898734177215190,0.1772151898734177,0.2151898734177215,0.1265822784810127,0.3670886075949367,0.0759493670886076,0.4936708860759494,-0.0253164556962025,0.2151898734177215,0.0253164556962025,0.2658227848101266,-0.0253164556962025,0.4177215189873418,-0.0506329113924051,0.5189873417721519,-0.1772151898734177,0.2658227848101266,-0.1265822784810127,0.3164556962025317,-0.1518987341772152,0.4177215189873418,-0.1772151898734177,0.4936708860759494
T,0.4423076923076923,0.9807692307692307,0.2884615384615384,0.6923076923076923,0.2115384615384615,0.4615384615384616,0.1346153846153846,0.2884615384615384,0.0769230769230769,0.1538461538461539,0.5961538461538461,0.1923076923076923,0.5961538461538461,-0.1923076923076923,0.5961538461538461,-0.4230769230769231,0.5961538461538461,-0.5961538461538461,0.6538461538461539,0.2884615384615384,0.3269230769230769,0.0576923076923077,0.1923076923076923,0.1923076923076923,0.2307692307692308,0.3076923076923077,0.6153846153846154,0.4230769230769231,0.1923076923076923,0.2884615384615384,0.1346153846153846,0.4230769230769231,0.2115384615384615,0.5000000000000000,0.5192307692307693,0.5769230769230769,0.1538461538461539,0.4807692307692308,0.1153846153846154,0.5961538461538461,0.2115384615384615,0.6538461538461539,-0.4423076923076923,-0.9807692307692307,-0.3653846153846154,-0.6153846153846154,-0.1923076923076923,-0.4038461538461539,-0.0576923076923077,-0.3076923076923077,0.0576923076923077,-0.3269230769230769,0.3076923076923077,-0.7500000000000000,0.5961538461538461,-0.7500000000000000,0.8076923076923077,-0.7307692307692307,1.0000000000000000,-0.7307692307692307,0.3076923076923077,-0.8461538461538461,0.2692307692307692,-0.4615384615384616,0.0576923076923077,-0.4615384615384616,-0.0192307692307692,-0.5576923076923077,0.2307692307692308,-0.9038461538461539,0.1346153846153846,-0.4807692307692308,-0.0384615384615385,-0.5000000000000000,-0.1153846153846154,-0.5769230769230769,0.0769230769230769,-0.8846153846153846,0.0192307692307692,-0.5576923076923077,-0.1153846153846154,-0.5576923076923077,-0.1923076923076923,-0.6538461538461539
T,0.6160714285714286,0.9821428571428571,0.4910714285714285,0.6428571428571429,0.3839285714285715,0.3571428571428572,0.2053571428571428,0.1785714285714286,0.0625000000000000,0.0892857142857143,0.7053571428571429,0.0535714285714286,0.6160714285714286,-0.3392857142857143,0.5625000000000000,-0.5714285714285714,0.5446428571428571,-0.7500000000000000,0.7410714285714286,0.1428571428571428,0.2946428571428572,-0.1071428571428571,0.2053571428571428,0.1071428571428571,0.3125000000000000,0.2321428571428572,0.6696428571428571,0.2857142857142857,0.1696428571428572,0.1785714285714286,0.1875000000000000,0.3571428571428572,0.3303571428571428,0.4285714285714285,0.5625000000000000,0.4642857142857143,0.1696428571428572,0.3928571428571428,0.1696428571428572,0.5178571428571429,0.3125000000000000,0.5892857142857143,-0.6160714285714286,-0.9821428571428571,-0.4910714285714285,-0.5714285714285714,-0.2767857142857143,-0.4107142857142857,-0.1160714285714286,-0.3214285714285715,-0.0089285714285714,-0.3392857142857143,0.1875000000000000,-0.8214285714285714,0.5089285714285714,-0.8571428571428571,0.7589285714285714,-0.8750000000000000,0.9732142857142857,-0.8928571428571429,0.1517857142857143,-0.9642857142857143,0.2053571428571428,-0.5178571428571429,-0.0089285714285714,-0.4642857142857143,-0.1160714285714286,-0.5535714285714286,0.0267857142857143,-1.0000000000000000,0.0267857142857143,-0.5178571428571429,-0.1875000000000000,-0.4821428571428572,-0.2589285714285715,-0.5535714285714286,-0.1339285714285714,-0.9464285714285714,-0.1517857142857143,-0.5535714285714286,-0.2946428571428572,-0.5178571428571429,-0.3839285714285715,-0.6071428571428571
T,0.7272727272727273,0.9090909090909091,0.5272727272727272,0.6181818181818182,0.3636363636363636,0.3454545454545455,0.1636363636363636,0.1818181818181818,0.0363636363636364,0.0909090909090909,0.6727272727272727,0.0181818181818182,0.5454545454545454,-0.3636363636363636,0.4727272727272727,-0.6000000000000000,0.4363636363636363,-0.7818181818181819,0.6909090909090909,0.1090909090909091,0.2363636363636364,-0.1090909090909091,0.1636363636363636,0.0727272727272727,0.2545454545454545,0.2000000000000000,0.6363636363636364,0.2545454545454545,0.1636363636363636,0.1636363636363636,0.1454545454545454,0.3272727272727273,0.2727272727272727,0.3818181818181818,0.5272727272727272,0.4363636363636363,0.1454545454545454,0.3818181818181818,0.1636363636363636,0.5090909090909090,0.2727272727272727,0.5636363636363636,-0.7272727272727273,-0.9090909090909091,-0.6545454545454545,-0.5272727272727272,-0.4363636363636363,-0.3818181818181818,-0.2181818181818182,-0.3272727272727273,-0.0545454545454545,-0.3272727272727273,-0.0545454545454545,-0.8545454545454545,0.2727272727272727,-0.8181818181818182,0.4727272727272727,-0.8181818181818182,0.6909090909090909,-0.8727272727272727,-0.0181818181818182,-0.9818181818181818,0.0545454545454545,-0.5090909090909090,-0.1454545454545454,-0.4909090909090909,-0.2545454545454545,-0.5818181818181818,-0.0363636363636364,-1.0000000000000000,0.0181818181818182,-0.5090909090909090,-0.1454545454545454,-0.4727272727272727,-0.2181818181818182,-0.5636363636363636,-0.1090909090909091,-0.9454545454545454,0.0545454545454545,-0.6727272727272727,0.0363636363636364,-0.6727272727272727,0.0363636363636364,-0.7818181818181819
T,0.6792452830188679,0.9433962264150944,0.4528301886792453,0.7924528301886793,0.3396226415094339,0.5094339622641509,0.3018867924528302,0.3207547169811321,0.3773584905660378,0.2075471698113208,0.7547169811320755,0.0754716981132075,0.6792452830188679,-0.3018867924528302,0.6226415094339622,-0.5471698113207547,0.5849056603773585,-0.7547169811320755,0.9245283018867925,0.1698113207547170,0.6226415094339622,-0.0377358490566038,0.4716981132075472,0.1886792452830189,0.4905660377358491,0.3207547169811321,0.9811320754716981,0.3396226415094339,0.6037735849056604,0.2641509433962264,0.4905660377358491,0.4716981132075472,0.5660377358490566,0.5471698113207547,0.9811320754716981,0.5471698113207547,0.6415094339622641,0.4905660377358491,0.5849056603773585,0.6226415094339622,0.6603773584905660,0.6981132075471698,-0.6792452830188679,-0.9433962264150944,-0.5660377358490566,-0.5094339622641509,-0.3396226415094339,-0.3207547169811321,-0.1320754716981132,-0.2075471698113208,0.0566037735849057,-0.2641509433962264,0.0943396226415094,-0.8490566037735849,0.4905660377358491,-0.8679245283018868,0.7547169811320755,-0.8867924528301887,1.0000000000000000,-0.9433962264150944,0.0754716981132075,-0.9622641509433962,0.1698113207547170,-0.4716981132075472,-0.0377358490566038,-0.4528301886792453,-0.1320754716981132,-0.5660377358490566,-0.0377358490566038,-0.9811320754716981,0.0188679245283019,-0.4339622641509434,-0.1698113207547170,-0.3773584905660378,-0.2264150943396226,-0.4905660377358491,-0.2075471698113208,-0.8867924528301887,-0.1320754716981132,-0.4905660377358491,-0.2264150943396226,-0.4528301886792453,-0.2830188679245283,-0.5471698113207547
T,0.6030534351145038,0.6564885496183206,0.4503816793893129,0.5343511450381679,0.3587786259541985,0.3053435114503817,0.3740458015267176,0.1221374045801527,0.5114503816793893,0.0610687022900763,0.5419847328244275,-0.0610687022900763,0.4961832061068702,-0.3664122137404580,0.4656488549618321,-0.5648854961832062,0.4503816793893129,-0.7328244274809160,0.7099236641221374,0.0000000000000000,0.6641221374045801,-0.1832061068702290,0.5572519083969466,-0.0152671755725191,0.5267175572519084,0.1221374045801527,0.8625954198473282,0.1221374045801527,0.7557251908396947,0.0610687022900763,0.6335877862595419,0.2442748091603053,0.6335877862595419,0.3358778625954199,1.0000000000000000,0.2900763358778626,0.8931297709923665,0.2137404580152672,0.7709923664122137,0.3358778625954199,0.7557251908396947,0.3969465648854962,-0.6030534351145038,-0.6564885496183206,-0.4198473282442748,-0.4122137404580153,-0.2213740458015267,-0.3053435114503817,-0.0992366412213740,-0.2595419847328244,0.0076335877862595,-0.3053435114503817,0.1145038167938931,-0.7328244274809160,0.3740458015267176,-0.8244274809160306,0.5572519083969466,-0.8854961832061069,0.7251908396946565,-0.9465648854961832,0.0534351145038168,-0.8244274809160306,0.1603053435114504,-0.4732824427480916,-0.0229007633587786,-0.3969465648854962,-0.1450381679389313,-0.4427480916030535,-0.0687022900763359,-0.8549618320610687,0.0076335877862595,-0.4580152671755725,-0.1603053435114504,-0.3816793893129771,-0.2366412213740458,-0.4427480916030535,-0.2366412213740458,-0.8091603053435115,-0.1603053435114504,-0.4885496183206107,-0.2824427480916031,-0.4274809160305343,-0.3435114503816794,-0.4885496183206107
T,0.4218750000000000,0.8203125000000000,0.2968750000000000,0.6640625000000000,0.2500000000000000,0.4296875000000000,0.2656250000000000,0.2421875000000000,0.3906250000000000,0.2265625000000000,0.6250000000000000,0.1484375000000000,0.6250000000000000,-0.1640625000000000,0.6406250000000000,-0.3828125000000000,0.6718750000000000,-0.5390625000000000,0.7656250000000000,0.2421875000000000,0.6250000000000000,0.0859375000000000,0.4843750000000000,0.2578125000000000,0.5000000000000000,0.3671875000000000,0.8437500000000000,0.3828125000000000,0.6093750000000000,0.3046875000000000,0.5000000000000000,0.4453125000000000,0.5312500000000000,0.5078125000000000,0.8750000000000000,0.5703125000000000,0.6562500000000000,0.5078125000000000,0.5625000000000000,0.5859375000000000,0.5937500000000000,0.6484375000000000,-0.4218750000000000,-0.8203125000000000,-0.2812500000000000,-0.4921875000000000,-0.1093750000000000,-0.3203125000000000,0.0156250000000000,-0.2421875000000000,0.1250000000000000,-0.2578125000000000,0.3281250000000000,-0.6796875000000000,0.6093750000000000,-0.6953125000000000,0.8281250000000000,-0.6796875000000000,1.0000000000000000,-0.6796875000000000,0.2968750000000000,-0.8046875000000000,0.2968750000000000,-0.3828125000000000,0.0781250000000000,-0.3515625000000000,-0.0156250000000000,-0.4140625000000000,0.1718750000000000,-0.8515625000000000,0.1250000000000000,-0.4140625000000000,-0.0468750000000000,-0.3984375000000000,-0.1250000000000000,-0.4765625000000000,0.0156250000000000,-0.8359375000000000,-0.0156250000000000,-0.4921875000000000,-0.1406250000000000,-0.4453125000000000,-0.2031250000000000,-0.5234375000000000
T,0.3643410852713178,0.7674418604651163,0.1937984496124031,0.5813953488372093,0.1472868217054264,0.3798449612403101,0.1317829457364341,0.2248062015503876,0.1627906976744186,0.1937984496124031,0.5968992248062015,0.1627906976744186,0.6279069767441861,-0.1472868217054264,0.6434108527131783,-0.3643410852713178,0.6589147286821705,-0.5348837209302325,0.6744186046511628,0.2713178294573643,0.3953488372093023,0.0542635658914729,0.2558139534883721,0.2093023255813954,0.2868217054263566,0.3178294573643411,0.6589147286821705,0.4108527131782946,0.3023255813953488,0.2713178294573643,0.2248062015503876,0.3953488372093023,0.2868217054263566,0.4728682170542636,0.5813953488372093,0.5658914728682171,0.2868217054263566,0.4573643410852713,0.2093023255813954,0.5348837209302325,0.2868217054263566,0.5968992248062015,-0.3643410852713178,-0.7674418604651163,-0.2558139534883721,-0.5193798449612403,-0.1007751937984496,-0.3643410852713178,0.0077519379844961,-0.2713178294573643,0.1162790697674419,-0.2868217054263566,0.3178294573643411,-0.6899224806201550,0.5968992248062015,-0.6899224806201550,0.8139534883720930,-0.6434108527131783,1.0000000000000000,-0.6279069767441861,0.3023255813953488,-0.7984496124031008,0.3023255813953488,-0.4263565891472868,0.1162790697674419,-0.3953488372093023,0.0077519379844961,-0.4573643410852713,0.1937984496124031,-0.8604651162790697,0.1472868217054264,-0.4728682170542636,-0.0077519379844961,-0.4418604651162791,-0.0697674418604651,-0.5193798449612403,0.0542635658914729,-0.8759689922480620,0.0232558139534884,-0.5503875968992248,-0.1162790697674419,-0.5038759689922481,-0.1782945736434109,-0.5503875968992248
T,0.6857142857142857,0.9238095238095239,0.6476190476190476,0.5809523809523810,0.5142857142857142,0.2761904761904762,0.2476190476190476,0.0857142857142857,0.0190476190476190,0.0285714285714286,0.7428571428571429,0.0095238095238095,0.6095238095238096,-0.3904761904761905,0.5333333333333333,-0.6000000000000000,0.4761904761904762,-0.7714285714285715,0.7047619047619048,0.0857142857142857,0.2857142857142857,-0.1619047619047619,0.2285714285714286,0.0285714285714286,0.3238095238095238,0.1428571428571428,0.6095238095238096,0.2190476190476190,0.1523809523809524,0.0857142857142857,0.1714285714285714,0.2571428571428571,0.3238095238095238,0.3142857142857143,0.4761904761904762,0.3714285714285714,0.1142857142857143,0.2761904761904762,0.1523809523809524,0.4095238095238095,0.2857142857142857,0.4857142857142857,-0.6857142857142857,-0.9238095238095239,-0.5142857142857142,-0.5428571428571428,-0.3047619047619048,-0.4095238095238095,-0.1333333333333333,-0.3523809523809524,0.0000000000000000,-0.3714285714285714,0.1333333333333333,-0.8476190476190476,0.4380952380952381,-0.9047619047619048,0.6857142857142857,-0.9047619047619048,0.8761904761904762,-0.9428571428571428,0.1142857142857143,-0.9619047619047619,0.1714285714285714,-0.5428571428571428,-0.0380952380952381,-0.4857142857142857,-0.1523809523809524,-0.5809523809523810,0.0190476190476190,-1.0000000000000000,0.0190476190476190,-0.5428571428571428,-0.2095238095238095,-0.5047619047619047,-0.2857142857142857,-0.5809523809523810,-0.1333333333333333,-0.9428571428571428,-0.1333333333333333,-0.5809523809523810,-0.3047619047619048,-0.5619047619047619,-0.4000000000000000,-0.6380952380952380
T,0.8020833333333334,0.9166666666666666,0.7395833333333334,0.5833333333333334,0.5520833333333334,0.2708333333333333,0.2395833333333333,0.1250000000000000,0.0312500000000000,0.0833333333333333,0.7395833333333334,0.0208333333333333,0.5729166666666666,-0.3750000000000000,0.4687500000000000,-0.6041666666666666,0.4270833333333333,-0.7916666666666666,0.6979166666666666,0.1250000000000000,0.2395833333333333,-0.1041666666666667,0.2187500000000000,0.0833333333333333,0.3020833333333333,0.1875000000000000,0.6145833333333334,0.2708333333333333,0.1562500000000000,0.1666666666666667,0.1562500000000000,0.3125000000000000,0.2812500000000000,0.3750000000000000,0.4687500000000000,0.4375000000000000,0.1145833333333333,0.3750000000000000,0.1562500000000000,0.5000000000000000,0.2604166666666667,0.5625000000000000,-0.8020833333333334,-0.9166666666666666,-0.6145833333333334,-0.5416666666666666,-0.4062500000000000,-0.3750000000000000,-0.2395833333333333,-0.3125000000000000,-0.0937500000000000,-0.3333333333333333,0.0104166666666667,-0.8541666666666666,0.3229166666666667,-0.9166666666666666,0.5729166666666666,-0.9583333333333334,0.7604166666666666,-1.0000000000000000,-0.0312500000000000,-0.9583333333333334,0.0312500000000000,-0.5416666666666666,-0.1562500000000000,-0.4791666666666667,-0.2395833333333333,-0.5625000000000000,-0.1354166666666667,-0.9791666666666666,-0.1354166666666667,-0.5208333333333334,-0.3437500000000000,-0.4791666666666667,-0.4270833333333333,-0.5416666666666666,-0.2812500000000000,-0.9375000000000000,-0.2812500000000000,-0.5625000000000000,-0.4479166666666667,-0.5208333333333334,-0.5729166666666666,-0.5625000000000000
T,1.0000000000000000,0.7021276595744681,0.7446808510638298,0.5744680851063830,0.5319148936170213,0.4042553191489361,0.4042553191489361,0.2765957446808511,0.3191489361702128,0.1489361702127660,0.7021276595744681,0.0638297872340425,0.5744680851063830,-0.1063829787234043,0.4893617021276596,-0.2340425531914894,0.4468085106382979,-0.3191489361702128,0.7446808510638298,0.1063829787234043,0.4468085106382979,0.1063829787234043,0.2765957446808511,0.1489361702127660,0.1489361702127660,0.1914893617021277,0.7872340425531915,0.2340425531914894,0.4468085106382979,0.2765957446808511,0.3617021276595745,0.4042553191489361,0.4042553191489361,0.4893617021276596,0.7872340425531915,0.3617021276595745,0.4893617021276596,0.4468085106382979,0.4893617021276596,0.5319148936170213,0.5319148936170213,0.5744680851063830,-1.0000000000000000,-0.7021276595744681,-0.7021276595744681,-0.7446808510638298,-0.3617021276595745,-0.7021276595744681,-0.1489361702127660,-0.6170212765957447,-0.0212765957446809,-0.5319148936170213,-0.1914893617021277,-1.0000000000000000,0.1914893617021277,-0.9574468085106383,0.4468085106382979,-0.9574468085106383,0.6595744680851063,-0.9574468085106383,-0.2340425531914894,-0.9574468085106383,0.0638297872340425,-0.6170212765957447,-0.0212765957446809,-0.4468085106382979,-0.1063829787234043,-0.4468085106382979,-0.3617021276595745,-0.8297872340425532,-0.0638297872340425,-0.5319148936170213,-0.1489361702127660,-0.4042553191489361,-0.2340425531914894,-0.4042553191489361,-0.4893617021276596,-0.7021276595744681,-0.2340425531914894,-0.4893617021276596,-0.3191489361702128,-0.4042553191489361,-0.4042553191489361,-0.4042553191489361
T,0.9565217391304348,0.7391304347826086,0.6956521739130435,0.6521739130434783,0.4782608695652174,0.4782608695652174,0.3043478260869565,0.3478260869565217,0.1739130434782609,0.3043478260869565,0.6086956521739131,0.1304347826086956,0.5217391304347826,-0.1304347826086956,0.4347826086956522,-0.2608695652173913,0.3913043478260870,-0.3913043478260870,0.7391304347826086,0.1304347826086956,0.3478260869565217,0.1739130434782609,0.2173913043478261,0.2608695652173913,0.1739130434782609,0.3478260869565217,0.7826086956521739,0.2608695652173913,0.3913043478260870,0.3043478260869565,0.3478260869565217,0.4347826086956522,0.3913043478260870,0.5217391304347826,0.8260869565217391,0.4347826086956522,0.4782608695652174,0.4347826086956522,0.4782608695652174,0.5217391304347826,0.5217391304347826,0.6086956521739131,-0.9565217391304348,-0.7391304347826086,-0.6956521739130435,-0.7391304347826086,-0.3913043478260870,-0.6521739130434783,-0.1739130434782609,-0.5217391304347826,-0.0434782608695652,-0.3913043478260870,-0.1739130434782609,-1.0000000000000000,0.1739130434782609,-0.9565217391304348,0.3913043478260870,-0.9565217391304348,0.6086956521739131,-0.9565217391304348,-0.2608695652173913,-0.9565217391304348,0.0434782608695652,-0.5652173913043478,-0.0434782608695652,-0.5217391304347826,-0.1739130434782609,-0.6086956521739131,-0.3913043478260870,-0.8695652173913043,-0.0869565217391304,-0.5217391304347826,-0.2173913043478261,-0.5217391304347826,-0.3043478260869565,-0.5652173913043478,-0.5217391304347826,-0.7391304347826086,-0.2608695652173913,-0.4782608695652174,-0.3913043478260870,-0.4782608695652174,-0.4782608695652174,-0.5652173913043478
T,0.8730158730158730,-0.6507936507936508,0.5555555555555556,-0.4920634920634920,0.3015873015873016,-0.4920634920634920,0.1111111111111111,-0.5238095238095238,-0.0476190476190476,-0.4920634920634920,0.0793650793650794,-0.9682539682539683,-0.1111111111111111,-0.6825396825396826,-0.1428571428571428,-0.4603174603174603,-0.1428571428571428,-0.2698412698412698,0.1428571428571428,-1.0000000000000000,-0.0793650793650794,-0.6825396825396826,-0.1111111111111111,-0.4285714285714285,-0.1111111111111111,-0.2380952380952381,0.2380952380952381,-0.9682539682539683,-0.0158730158730159,-0.6507936507936508,-0.0476190476190476,-0.4285714285714285,-0.0476190476190476,-0.2380952380952381,0.3015873015873016,-0.8730158730158730,0.0793650793650794,-0.6507936507936508,-0.0158730158730159,-0.4920634920634920,-0.0158730158730159,-0.3333333333333333,-0.8730158730158730,0.6507936507936508,-0.6825396825396826,0.4920634920634920,-0.4920634920634920,0.3333333333333333,-0.3015873015873016,0.2698412698412698,-0.2063492063492063,0.2063492063492063,-0.5873015873015873,0.0793650793650794,-0.4285714285714285,-0.1746031746031746,-0.3015873015873016,-0.3333333333333333,-0.2380952380952381,-0.4603174603174603,-0.6507936507936508,0.1428571428571428,-0.2380952380952381,0.2063492063492063,-0.2380952380952381,0.3650793650793651,-0.3015873015873016,0.4603174603174603,-0.6507936507936508,0.2698412698412698,-0.2698412698412698,0.3650793650793651,-0.2698412698412698,0.4920634920634920,-0.3333333333333333,0.5555555555555556,-0.6825396825396826,0.4285714285714285,-0.3650793650793651,0.4603174603174603,-0.2698412698412698,0.5555555555555556,-0.2380952380952381,0.6190476190476191
T,0.7333333333333333,0.9333333333333333,0.6000000000000000,0.6666666666666666,0.5333333333333333,0.4000000000000000,0.4666666666666667,0.2666666666666667,0.3333333333333333,0.2000000000000000,0.6000000000000000,0.1333333333333333,0.5333333333333333,-0.1333333333333333,0.4666666666666667,-0.3333333333333333,0.4666666666666667,-0.4666666666666667,0.6000000000000000,0.2000000000000000,0.2666666666666667,0.0666666666666667,0.2666666666666667,0.2000000000000000,0.3333333333333333,0.3333333333333333,0.6000000000000000,0.2666666666666667,0.2666666666666667,0.2000000000000000,0.2666666666666667,0.3333333333333333,0.3333333333333333,0.4000000000000000,0.5333333333333333,0.4000000000000000,0.2666666666666667,0.4000000000000000,0.2666666666666667,0.4666666666666667,0.3333333333333333,0.5333333333333333,-0.7333333333333333,-0.9333333333333333,-0.4666666666666667,-1.0000000000000000,-0.1333333333333333,-0.8666666666666667,0.0000000000000000,-0.7333333333333333,0.1333333333333333,-0.6000000000000000,0.0666666666666667,-0.9333333333333333,0.4000000000000000,-0.8000000000000000,0.5333333333333333,-0.7333333333333333,0.7333333333333333,-0.6666666666666666,0.0000000000000000,-0.9333333333333333,0.3333333333333333,-0.6666666666666666,0.5333333333333333,-0.6000000000000000,0.7333333333333333,-0.5333333333333333,-0.0666666666666667,-0.8000000000000000,0.0666666666666667,-0.4666666666666667,-0.0666666666666667,-0.4666666666666667,-0.1333333333333333,-0.5333333333333333,-0.2666666666666667,-0.7333333333333333,-0.1333333333333333,-0.4666666666666667,-0.2666666666666667,-0.4666666666666667,-0.3333333333333333,-0.5333333333333333
T,-0.3333333333333333,0.0701754385964912,-0.4736842105263158,-0.0350877192982456,-0.6140350877192983,-0.0350877192982456,-0.6842105263157895,0.0000000000000000,-0.7192982456140351,0.0701754385964912,-0.6842105263157895,0.0701754385964912,-0.7894736842105263,0.1052631578947368,-0.7543859649122807,0.1052631578947368,-0.6842105263157895,0.0701754385964912,-0.6491228070175439,0.1403508771929824,-0.7543859649122807,0.2105263157894737,-0.7192982456140351,0.1754385964912281,-0.6491228070175439,0.1403508771929824,-0.6140350877192983,0.2456140350877193,-0.6842105263157895,0.2807017543859649,-0.6491228070175439,0.2456140350877193,-0.6140350877192983,0.2105263157894737,-0.5438596491228070,0.2807017543859649,-0.6140350877192983,0.3157894736842105,-0.5789473684210527,0.2807017543859649,-0.5438596491228070,0.2807017543859649,0.3333333333333333,-0.0701754385964912,0.4385964912280702,-0.1052631578947368,0.6140350877192983,-0.0350877192982456,0.6842105263157895,0.0701754385964912,0.7192982456140351,0.1403508771929824,0.7192982456140351,0.0000000000000000,0.8245614035087719,0.0701754385964912,0.9298245614035088,0.1403508771929824,1.0000000000000000,0.1403508771929824,0.6842105263157895,0.0000000000000000,0.7894736842105263,0.1403508771929824,0.8596491228070176,0.1754385964912281,0.9649122807017544,0.1754385964912281,0.5789473684210527,0.0350877192982456,0.6140350877192983,0.2105263157894737,0.5789473684210527,0.2105263157894737,0.5087719298245614,0.1754385964912281,0.5087719298245614,0.0701754385964912,0.5087719298245614,0.2105263157894737,0.4736842105263158,0.2105263157894737,0.4385964912280702,0.1754385964912281
T,0.6043956043956044,0.9560439560439561,0.3846153846153846,0.6923076923076923,0.3186813186813187,0.4505494505494506,0.2307692307692308,0.2967032967032967,0.1208791208791209,0.2307692307692308,0.6703296703296703,0.2087912087912088,0.6263736263736264,-0.0769230769230769,0.6263736263736264,-0.2747252747252747,0.6263736263736264,-0.4505494505494506,0.7142857142857143,0.2747252747252747,0.3406593406593407,0.1208791208791209,0.1428571428571428,0.2087912087912088,0.0989010989010989,0.2967032967032967,0.6703296703296703,0.4065934065934066,0.2967032967032967,0.2527472527472527,0.1648351648351648,0.3406593406593407,0.1428571428571428,0.4505494505494506,0.5384615384615384,0.5604395604395604,0.2747252747252747,0.3846153846153846,0.1208791208791209,0.3846153846153846,0.0549450549450549,0.4505494505494506,-0.6043956043956044,-0.9560439560439561,-0.3186813186813187,-0.8901098901098901,-0.0329670329670330,-0.7582417582417582,0.1428571428571428,-0.5824175824175825,0.2307692307692308,-0.4505494505494506,0.2307692307692308,-0.8681318681318682,0.5604395604395604,-0.7362637362637363,0.8021978021978022,-0.6483516483516484,1.0000000000000000,-0.6043956043956044,0.1648351648351648,-0.8461538461538461,0.2087912087912088,-0.4065934065934066,0.0549450549450549,-0.3846153846153846,-0.0329670329670330,-0.4725274725274725,0.0109890109890110,-0.7802197802197802,0.0549450549450549,-0.3626373626373626,-0.0989010989010989,-0.3846153846153846,-0.1648351648351648,-0.4725274725274725,-0.1428571428571428,-0.7142857142857143,-0.0989010989010989,-0.3846153846153846,-0.2087912087912088,-0.4065934065934066,-0.2747252747252747,-0.4725274725274725
T,0.4776119402985075,0.9402985074626866,0.3283582089552239,0.6716417910447762,0.2686567164179104,0.4328358208955224,0.2089552238805970,0.3134328358208955,0.1492537313432836,0.2537313432835821,0.5074626865671642,0.1940298507462687,0.4477611940298508,-0.1044776119402985,0.4179104477611940,-0.3134328358208955,0.4179104477611940,-0.4925373134328358,0.5373134328358209,0.2835820895522388,0.2686567164179104,0.1343283582089552,0.1791044776119403,0.2537313432835821,0.2089552238805970,0.3731343283582090,0.5074626865671642,0.4328358208955224,0.2686567164179104,0.2537313432835821,0.1791044776119403,0.3731343283582090,0.2388059701492537,0.4626865671641791,0.4477611940298508,0.5820895522388060,0.2388059701492537,0.4029850746268657,0.1791044776119403,0.4925373134328358,0.2089552238805970,0.5522388059701493,-0.4776119402985075,-0.9402985074626866,-0.2388059701492537,-0.9701492537313433,0.0000000000000000,-0.8805970149253731,0.2089552238805970,-0.7611940298507462,0.3582089552238806,-0.7611940298507462,0.1194029850746269,-1.0000000000000000,0.3283582089552239,-0.8805970149253731,0.4776119402985075,-0.8208955223880597,0.5970149253731343,-0.7910447761194029,0.0895522388059701,-0.9402985074626866,0.1791044776119403,-0.5820895522388060,0.1194029850746269,-0.4626865671641791,0.0895522388059701,-0.3731343283582090,0.0000000000000000,-0.8208955223880597,0.0895522388059701,-0.4925373134328358,0.0597014925373134,-0.3731343283582090,0.0298507462686567,-0.3134328358208955,-0.0895522388059701,-0.7014925373134329,0.0000000000000000,-0.4626865671641791,-0.0298507462686567,-0.3432835820895522,-0.0298507462686567,-0.2835820895522388
T,0.6093750000000000,0.9375000000000000,0.4531250000000000,0.7187500000000000,0.3593750000000000,0.4687500000000000,0.2968750000000000,0.3125000000000000,0.2656250000000000,0.1875000000000000,0.4843750000000000,0.2187500000000000,0.4218750000000000,-0.0937500000000000,0.3906250000000000,-0.3125000000000000,0.3593750000000000,-0.5000000000000000,0.5468750000000000,0.3125000000000000,0.2968750000000000,0.1562500000000000,0.2031250000000000,0.2812500000000000,0.2343750000000000,0.3750000000000000,0.5468750000000000,0.4375000000000000,0.2968750000000000,0.3125000000000000,0.2343750000000000,0.4062500000000000,0.2656250000000000,0.5000000000000000,0.5156250000000000,0.5937500000000000,0.3281250000000000,0.4687500000000000,0.2343750000000000,0.5000000000000000,0.2656250000000000,0.5625000000000000,-0.6093750000000000,-0.9375000000000000,-0.3906250000000000,-0.8437500000000000,-0.1718750000000000,-0.7187500000000000,-0.0156250000000000,-0.5937500000000000,0.0781250000000000,-0.5312500000000000,0.0156250000000000,-1.0000000000000000,0.2031250000000000,-0.9375000000000000,0.3906250000000000,-0.9062500000000000,0.5156250000000000,-0.9062500000000000,-0.0156250000000000,-0.9687500000000000,0.1093750000000000,-0.6562500000000000,0.0781250000000000,-0.5000000000000000,0.0468750000000000,-0.4062500000000000,-0.0781250000000000,-0.8750000000000000,0.0468750000000000,-0.5312500000000000,0.0156250000000000,-0.4062500000000000,-0.0156250000000000,-0.3437500000000000,-0.1406250000000000,-0.7500000000000000,-0.0468750000000000,-0.5000000000000000,-0.0468750000000000,-0.3750000000000000,-0.0468750000000000,-0.3125000000000000
T,-0.0243902439024390,0.7804878048780488,-0.1219512195121951,0.5121951219512195,-0.1951219512195122,0.1951219512195122,-0.2439024390243902,-0.0243902439024390,-0.3414634146341464,-0.1463414634146341,0.0731707317073171,0.0000000000000000,-0.2682926829268293,-0.1707317073170732,-0.5121951219512195,-0.2439024390243902,-0.7073170731707317,-0.2682926829268293,0.0487804878048781,0.0975609756097561,-0.3170731707317073,-0.0487804878048781,-0.5853658536585366,-0.0731707317073171,-0.7560975609756098,-0.0731707317073171,-0.0243902439024390,0.2439024390243902,-0.3902439024390244,0.0975609756097561,-0.6341463414634146,0.0487804878048781,-0.7804878048780488,0.0243902439024390,-0.1707317073170732,0.3902439024390244,-0.4390243902439024,0.2439024390243902,-0.6097560975609756,0.1707317073170732,-0.7560975609756098,0.1219512195121951,0.0243902439024390,-0.7804878048780488,0.0731707317073171,-0.8292682926829268,0.1707317073170732,-0.8780487804878049,0.2682926829268293,-0.8780487804878049,0.3414634146341464,-0.8536585365853658,0.0487804878048781,-0.8780487804878049,-0.0487804878048781,-0.9024390243902439,-0.1219512195121951,-0.9512195121951219,-0.1707317073170732,-1.0000000000000000,0.0243902439024390,-0.8048780487804879,-0.0243902439024390,-0.8292682926829268,-0.0975609756097561,-0.8536585365853658,-0.1463414634146341,-0.9024390243902439,0.0243902439024390,-0.7317073170731707,0.0000000000000000,-0.7073170731707317,-0.0487804878048781,-0.7317073170731707,-0.0975609756097561,-0.7804878048780488,0.0487804878048781,-0.6585365853658537,0.0487804878048781,-0.6097560975609756,0.0000000000000000,-0.6097560975609756,-0.0243902439024390,-0.6341463414634146
T,0.5229357798165137,-0.9082568807339449,0.3394495412844037,-0.6697247706422018,0.1376146788990826,-0.5229357798165137,0.0091743119266055,-0.4128440366972477,-0.1192660550458716,-0.3577981651376147,-0.2844036697247707,-0.8715596330275229,-0.5596330275229358,-0.7431192660550459,-0.7431192660550459,-0.6697247706422018,-0.8715596330275229,-0.6330275229357798,-0.2477064220183486,-0.9816513761467890,-0.3211009174311927,-0.5779816513761468,-0.1376146788990826,-0.5045871559633027,-0.0275229357798165,-0.5596330275229358,-0.1559633027522936,-1.0000000000000000,-0.2110091743119266,-0.6146788990825688,-0.0458715596330275,-0.5596330275229358,0.0642201834862385,-0.6146788990825688,-0.0091743119266055,-0.9816513761467890,-0.0825688073394495,-0.7064220183486238,0.0275229357798165,-0.6330275229357798,0.1376146788990826,-0.6513761467889908,-0.5229357798165137,0.9082568807339449,-0.2477064220183486,0.7064220183486238,-0.1192660550458716,0.4678899082568808,-0.0458715596330275,0.3211009174311927,-0.0275229357798165,0.2110091743119266,-0.5045871559633027,0.1743119266055046,-0.5412844036697247,-0.1009174311926606,-0.5596330275229358,-0.3027522935779817,-0.5963302752293578,-0.4678899082568808,-0.5779816513761468,0.2293577981651376,-0.2293577981651376,0.1009174311926606,-0.1009174311926606,0.2477064220183486,-0.0825688073394495,0.3761467889908257,-0.5779816513761468,0.3761467889908257,-0.2110091743119266,0.2844036697247707,-0.1192660550458716,0.4311926605504587,-0.1559633027522936,0.5229357798165137,-0.5229357798165137,0.5229357798165137,-0.2293577981651376,0.4678899082568808,-0.1743119266055046,0.5779816513761468,-0.2110091743119266,0.6513761467889908
T,0.5625000000000000,-0.8125000000000000,0.3437500000000000,-0.6562500000000000,0.1875000000000000,-0.5312500000000000,0.0625000000000000,-0.4375000000000000,-0.0312500000000000,-0.3750000000000000,-0.0625000000000000,-0.9687500000000000,-0.2812500000000000,-0.8750000000000000,-0.4062500000000000,-0.8125000000000000,-0.4687500000000000,-0.7812500000000000,-0.0312500000000000,-1.0000000000000000,-0.2187500000000000,-0.7500000000000000,-0.2812500000000000,-0.5937500000000000,-0.3437500000000000,-0.4687500000000000,0.0625000000000000,-1.0000000000000000,-0.0625000000000000,-0.7187500000000000,0.0625000000000000,-0.6250000000000000,0.1562500000000000,-0.5937500000000000,0.1562500000000000,-0.9375000000000000,0.0625000000000000,-0.7187500000000000,0.1250000000000000,-0.6562500000000000,0.1875000000000000,-0.6250000000000000,-0.5625000000000000,0.8125000000000000,-0.3125000000000000,0.5937500000000000,-0.1875000000000000,0.3750000000000000,-0.0937500000000000,0.2500000000000000,-0.0937500000000000,0.1875000000000000,-0.4062500000000000,0.0625000000000000,-0.4062500000000000,-0.2187500000000000,-0.3750000000000000,-0.4062500000000000,-0.4062500000000000,-0.5937500000000000,-0.4687500000000000,0.1250000000000000,-0.2500000000000000,0.0625000000000000,-0.1875000000000000,0.1875000000000000,-0.1875000000000000,0.3125000000000000,-0.4687500000000000,0.2500000000000000,-0.2500000000000000,0.2187500000000000,-0.1875000000000000,0.3437500000000000,-0.2500000000000000,0.4375000000000000,-0.4687500000000000,0.4062500000000000,-0.2812500000000000,0.3750000000000000,-0.2500000000000000,0.4687500000000000,-0.2812500000000000,0.5625000000000000
T,0.7010309278350515,0.8350515463917526,0.4536082474226804,0.6082474226804123,0.3092783505154639,0.4432989690721649,0.1649484536082474,0.3195876288659794,0.0618556701030928,0.2577319587628866,0.5154639175257731,0.0515463917525773,0.4329896907216495,-0.2577319587628866,0.4123711340206185,-0.4845360824742268,0.3917525773195876,-0.6701030927835051,0.6185567010309279,0.0927835051546392,0.2268041237113402,0.1134020618556701,0.1855670103092784,0.2989690721649484,0.2680412371134021,0.3814432989690721,0.6597938144329897,0.2371134020618557,0.2680412371134021,0.3402061855670103,0.2680412371134021,0.4639175257731959,0.3711340206185567,0.5051546391752577,0.6804123711340206,0.4226804123711340,0.3505154639175257,0.4845360824742268,0.3505154639175257,0.5670103092783505,0.4536082474226804,0.6082474226804123,-0.7010309278350515,-0.8350515463917526,-0.4329896907216495,-0.7731958762886598,-0.1649484536082474,-0.6701030927835051,0.0000000000000000,-0.5051546391752577,0.0824742268041237,-0.3608247422680412,0.0618556701030928,-1.0000000000000000,0.3505154639175257,-0.8762886597938144,0.5360824742268041,-0.8556701030927835,0.7216494845360825,-0.8350515463917526,-0.0206185567010309,-0.9587628865979382,0.1855670103092784,-0.5670103092783505,0.0618556701030928,-0.5257731958762887,-0.0206185567010309,-0.5670103092783505,-0.1237113402061856,-0.8969072164948454,0.0618556701030928,-0.5257731958762887,-0.0412371134020619,-0.5257731958762887,-0.1237113402061856,-0.6082474226804123,-0.2268041237113402,-0.7938144329896907,-0.0824742268041237,-0.5257731958762887,-0.1649484536082474,-0.5257731958762887,-0.2268041237113402,-0.5876288659793815
T,0.3600000000000000,0.8666666666666667,0.2533333333333334,0.6266666666666667,0.2000000000000000,0.3866666666666667,0.1733333333333333,0.2533333333333334,0.1733333333333333,0.1733333333333333,0.3600000000000000,0.1200000000000000,0.3333333333333333,-0.1466666666666667,0.3333333333333333,-0.3600000000000000,0.3333333333333333,-0.5466666666666666,0.3866666666666667,0.2000000000000000,0.1200000000000000,0.1733333333333333,0.0933333333333333,0.3066666666666666,0.1733333333333333,0.3866666666666667,0.3866666666666667,0.3333333333333333,0.1200000000000000,0.3333333333333333,0.1200000000000000,0.4400000000000000,0.2000000000000000,0.4933333333333333,0.3600000000000000,0.4933333333333333,0.1466666666666667,0.4933333333333333,0.1466666666666667,0.5733333333333334,0.2266666666666667,0.6000000000000000,-0.3600000000000000,-0.8666666666666667,-0.2000000000000000,-0.9466666666666667,0.0133333333333333,-0.9200000000000000,0.1733333333333333,-0.7866666666666666,0.2266666666666667,-0.6533333333333333,0.1733333333333333,-1.0000000000000000,0.3333333333333333,-0.8933333333333333,0.4666666666666667,-0.8400000000000000,0.5733333333333334,-0.8133333333333334,0.1200000000000000,-0.9466666666666667,0.2266666666666667,-0.6533333333333333,0.1733333333333333,-0.5733333333333334,0.1200000000000000,-0.5466666666666666,0.0666666666666667,-0.8666666666666667,0.1200000000000000,-0.5733333333333334,0.0933333333333333,-0.5200000000000000,0.0666666666666667,-0.5200000000000000,-0.0133333333333333,-0.7600000000000000,0.0400000000000000,-0.5466666666666666,0.0133333333333333,-0.5200000000000000,-0.0133333333333333,-0.5200000000000000
T,0.8518518518518519,1.0000000000000000,0.7037037037037037,0.7777777777777778,0.6296296296296297,0.4814814814814815,0.5555555555555556,0.2592592592592592,0.4814814814814815,0.1851851851851852,0.7777777777777778,0.1851851851851852,0.7037037037037037,-0.1111111111111111,0.6296296296296297,-0.3333333333333333,0.6296296296296297,-0.5555555555555556,0.7777777777777778,0.2592592592592592,0.4814814814814815,0.1111111111111111,0.4074074074074074,0.2592592592592592,0.4074074074074074,0.4074074074074074,0.7037037037037037,0.4074074074074074,0.4074074074074074,0.2592592592592592,0.3333333333333333,0.4074074074074074,0.4074074074074074,0.5555555555555556,0.6296296296296297,0.5555555555555556,0.4074074074074074,0.4074074074074074,0.3333333333333333,0.5555555555555556,0.4074074074074074,0.6296296296296297,-0.8518518518518519,-1.0000000000000000,-0.4814814814814815,-1.0000000000000000,-0.1111111111111111,-0.8518518518518519,0.1111111111111111,-0.6296296296296297,0.2592592592592592,-0.4814814814814815,0.1851851851851852,-0.9259259259259259,0.5555555555555556,-0.7777777777777778,0.7777777777777778,-0.7037037037037037,1.0000000000000000,-0.7037037037037037,0.1111111111111111,-0.7777777777777778,0.4814814814814815,-0.4814814814814815,0.4074074074074074,-0.4074074074074074,0.4074074074074074,-0.4074074074074074,-0.0370370370370370,-0.7037037037037037,0.1111111111111111,-0.4074074074074074,0.0370370370370370,-0.4074074074074074,-0.1111111111111111,-0.4074074074074074,-0.1851851851851852,-0.5555555555555556,-0.0370370370370370,-0.3333333333333333,-0.1851851851851852,-0.3333333333333333,-0.2592592592592592,-0.4074074074074074
T,0.4651162790697674,-0.6511627906976745,0.1860465116279070,-0.5813953488372093,-0.0232558139534884,-0.5581395348837209,-0.1627906976744186,-0.5348837209302325,-0.3023255813953488,-0.5348837209302325,-0.1627906976744186,-0.9302325581395349,-0.3488372093023256,-0.7906976744186046,-0.4651162790697674,-0.7441860465116279,-0.5581395348837209,-0.7209302325581395,-0.1162790697674419,-1.0000000000000000,-0.2093023255813954,-0.6744186046511628,-0.1860465116279070,-0.5116279069767442,-0.1162790697674419,-0.3953488372093023,-0.0232558139534884,-1.0000000000000000,-0.1395348837209302,-0.6744186046511628,-0.0930232558139535,-0.4883720930232558,-0.0232558139534884,-0.3720930232558139,0.0465116279069767,-0.9534883720930233,-0.0465116279069767,-0.6976744186046512,-0.0697674418604651,-0.5348837209302325,-0.0697674418604651,-0.4186046511627907,-0.4651162790697674,0.6511627906976745,-0.3720930232558139,0.4651162790697674,-0.3023255813953488,0.3023255813953488,-0.2093023255813954,0.1860465116279070,-0.1627906976744186,0.1162790697674419,-0.3488372093023256,0.1162790697674419,-0.3023255813953488,-0.1162790697674419,-0.2790697674418605,-0.2790697674418605,-0.2558139534883721,-0.3953488372093023,-0.3720930232558139,0.1627906976744186,-0.1162790697674419,0.1627906976744186,-0.0697674418604651,0.2558139534883721,-0.1162790697674419,0.3488372093023256,-0.3720930232558139,0.2790697674418605,-0.0930232558139535,0.2790697674418605,-0.0697674418604651,0.3720930232558139,-0.1162790697674419,0.4418604651162791,-0.3488372093023256,0.3953488372093023,-0.1395348837209302,0.3720930232558139,-0.0697674418604651,0.4418604651162791,-0.0930232558139535,0.4883720930232558
T,0.3777777777777778,-0.6888888888888889,0.0888888888888889,-0.6444444444444445,-0.0888888888888889,-0.6444444444444445,-0.2444444444444444,-0.6444444444444445,-0.3555555555555556,-0.6222222222222222,-0.2000000000000000,-0.9555555555555556,-0.3333333333333333,-0.8444444444444444,-0.4000000000000000,-0.7555555555555555,-0.4666666666666667,-0.6666666666666666,-0.1555555555555556,-1.0000000000000000,-0.2444444444444444,-0.7555555555555555,-0.2444444444444444,-0.6000000000000000,-0.2222222222222222,-0.4888888888888889,-0.0888888888888889,-0.9777777777777777,-0.1777777777777778,-0.7333333333333333,-0.1777777777777778,-0.5555555555555556,-0.1555555555555556,-0.4444444444444444,0.0000000000000000,-0.9555555555555556,-0.0888888888888889,-0.7555555555555555,-0.0888888888888889,-0.6222222222222222,-0.0666666666666667,-0.5333333333333333,-0.3777777777777778,0.6888888888888889,-0.2666666666666667,0.4888888888888889,-0.2000000000000000,0.3111111111111111,-0.1333333333333333,0.1777777777777778,-0.1111111111111111,0.1111111111111111,-0.3111111111111111,0.1111111111111111,-0.2888888888888889,-0.1333333333333333,-0.2666666666666667,-0.3111111111111111,-0.2666666666666667,-0.4444444444444444,-0.3333333333333333,0.1555555555555556,-0.0888888888888889,0.1111111111111111,-0.0444444444444444,0.2222222222222222,-0.0666666666666667,0.2888888888888889,-0.3333333333333333,0.2444444444444444,-0.0666666666666667,0.2222222222222222,-0.0222222222222222,0.3111111111111111,-0.0666666666666667,0.3777777777777778,-0.3111111111111111,0.3555555555555556,-0.0888888888888889,0.3111111111111111,-0.0222222222222222,0.3777777777777778,-0.0444444444444444,0.4222222222222222
T,0.8461538461538461,-0.8461538461538461,0.6153846153846154,-0.6153846153846154,0.3076923076923077,-0.5384615384615384,0.0769230769230769,-0.4615384615384616,-0.0769230769230769,-0.4615384615384616,-0.0769230769230769,-0.8461538461538461,-0.3846153846153846,-0.8461538461538461,-0.6153846153846154,-0.7692307692307693,-0.8461538461538461,-0.7692307692307693,0.0000000000000000,-1.0000000000000000,-0.3076923076923077,-0.8461538461538461,-0.4615384615384616,-0.6923076923076923,-0.6923076923076923,-0.6153846153846154,0.0769230769230769,-1.0000000000000000,0.0000000000000000,-0.6923076923076923,0.1538461538461539,-0.6153846153846154,0.3076923076923077,-0.6923076923076923,0.2307692307692308,-1.0000000000000000,0.2307692307692308,-0.7692307692307693,0.3076923076923077,-0.6923076923076923,0.3846153846153846,-0.6923076923076923,-0.8461538461538461,0.8461538461538461,-0.6153846153846154,0.5384615384615384,-0.5384615384615384,0.0769230769230769,-0.4615384615384616,-0.2307692307692308,-0.4615384615384616,-0.5384615384615384,-0.6153846153846154,0.0769230769230769,-0.3076923076923077,-0.0769230769230769,-0.3076923076923077,0.0000000000000000,-0.4615384615384616,0.0769230769230769,-0.6153846153846154,0.1538461538461539,-0.1538461538461539,0.1538461538461539,-0.1538461538461539,0.3076923076923077,-0.3076923076923077,0.3846153846153846,-0.6153846153846154,0.3846153846153846,-0.1538461538461539,0.3076923076923077,-0.2307692307692308,0.4615384615384616,-0.3846153846153846,0.4615384615384616,-0.6153846153846154,0.5384615384615384,-0.2307692307692308,0.4615384615384616,-0.3076923076923077,0.6153846153846154,-0.3846153846153846,0.6153846153846154
T,-0.2000000000000000,0.3333333333333333,-0.3777777777777778,0.4222222222222222,-0.5111111111111111,0.5555555555555556,-0.6444444444444445,0.6000000000000000,-0.7333333333333333,0.6888888888888889,-0.6000000000000000,0.6000000000000000,-0.7777777777777778,0.6888888888888889,-0.7777777777777778,0.6444444444444445,-0.6888888888888889,0.6000000000000000,-0.6444444444444445,0.5555555555555556,-0.8222222222222222,0.6000000000000000,-0.7777777777777778,0.6000000000000000,-0.6888888888888889,0.5555555555555556,-0.6444444444444445,0.5555555555555556,-0.8222222222222222,0.5555555555555556,-0.7777777777777778,0.5555555555555556,-0.6888888888888889,0.5111111111111111,-0.6444444444444445,0.5111111111111111,-0.7777777777777778,0.5555555555555556,-0.7333333333333333,0.5111111111111111,-0.6888888888888889,0.5111111111111111,0.2000000000000000,-0.3333333333333333,0.3333333333333333,-0.4222222222222222,0.4666666666666667,-0.6000000000000000,0.5555555555555556,-0.7333333333333333,0.5555555555555556,-0.8222222222222222,0.4222222222222222,-0.8222222222222222,0.4222222222222222,-1.0000000000000000,0.4222222222222222,-1.0000000000000000,0.4222222222222222,-0.9555555555555556,0.2888888888888889,-0.8222222222222222,0.3333333333333333,-1.0000000000000000,0.3333333333333333,-1.0000000000000000,0.3333333333333333,-0.9555555555555556,0.2000000000000000,-0.8222222222222222,0.2000000000000000,-1.0000000000000000,0.2000000000000000,-1.0000000000000000,0.2000000000000000,-1.0000000000000000,0.1111111111111111,-0.8222222222222222,0.0666666666666667,-0.9555555555555556,0.0222222222222222,-1.0000000000000000,0.0222222222222222,-1.0000000000000000
U,0.0000000000000000,0.0000000000000000,0.0000000000000000,0.0000000000000000,0.0000000000000000,0.0000000000000000,0.0000000000000000,0.0000000000000000,0.0000000000000000,0.0000000000000000,0.0000000000000000,0.0000000000000000,0.0000000000000000,0.0000000000000000,0.0000000000000000,0.0000000000000000,0.0000000000000000,0.0000000000000000,0.0000000000000000,0.0000000000000000,0.0000000000000000,0.0000000000000000,0.0000000000000000,0.0000000000000000,0.0000000000000000,0.0000000000000000,0.0000000000000000,0.0000000000000000,0.0000000000000000,0.0000000000000000,0.0000000000000000,0.0000000000000000,0.0000000000000000,0.0000000000000000,0.0000000000000000,0.0000000000000000,0.0000000000000000,0.0000000000000000,0.0000000000000000,0.0000000000000000,0.0000000000000000,0.0000000000000000,0.0000000000000000,0.0000000000000000,-0.0957446808510638,-0.2234042553191489,-0.0744680851063830,-0.5000000000000000,-0.0744680851063830,-0.7127659574468085,-0.0744680851063830,-0.8829787234042553,0.3617021276595745,-0.4255319148936170,0.4042553191489361,-0.7234042553191490,0.3936170212765958,-0.8723404255319149,0.4042553191489361,-1.0000000000000000,0.4255319148936170,-0.3723404255319149,0.2872340425531915,-0.6276595744680851,0.1595744680851064,-0.5744680851063830,0.1382978723404255,-0.4893617021276596,0.4255319148936170,-0.3510638297872340,0.2553191489361702,-0.5638297872340425,0.1382978723404255,-0.5212765957446809,0.1170212765957447,-0.4468085106382979,0.4042553191489361,-0.3510638297872340,0.2872340425531915,-0.5106382978723404,0.1914893617021277,-0.4787234042553192,0.1808510638297872,-0.4042553191489361
U,0.0000000000000000,0.0000000000000000,0.0000000000000000,0.0000000000000000,0.0000000000000000,0.0000000000000000,0.0000000000000000,0.0000000000000000,0.0000000000000000,0.0000000000000000,0.0000000000000000,0.0000000000000000,0.0000000000000000,0.0000000000000000,0.0000000000000000,0.0000000000000000,0.0000000000000000,0.0000000000000000,0.0000000000000000,0.0000000000000000,0.0000000000000000,0.0000000000000000,0.0000000000000000,0.0000000000000000,0.0000000000000000,0.0000000000000000,0.0000000000000000,0.0000000000000000,0.0000000000000000,0.0000000000000000,0.0000000000000000,0.0000000000000000,0.0000000000000000,0.0000000000000000,0.0000000000000000,0.0000000000000000,0.0000000000000000,0.0000000000000000,0.0000000000000000,0.0000000000000000,0.0000000000000000,0.0000000000000000,0.0000000000000000,0.0000000000000000,-0.0864197530864197,-0.2345679012345679,0.0000000000000000,-0.5308641975308642,0.0493827160493827,-0.7777777777777778,0.0740740740740741,-0.9753086419753086,0.4444444444444444,-0.3580246913580247,0.5679012345679012,-0.6790123456790124,0.5925925925925926,-0.8641975308641975,0.6419753086419753,-1.0000000000000000,0.5185185185185185,-0.3086419753086420,0.5432098765432098,-0.6172839506172839,0.4567901234567901,-0.6913580246913580,0.4444444444444444,-0.7037037037037037,0.5061728395061729,-0.2839506172839506,0.4074074074074074,-0.5802469135802469,0.2716049382716049,-0.5308641975308642,0.2469135802469136,-0.4444444444444444,0.4938271604938271,-0.2839506172839506,0.4074074074074074,-0.5308641975308642,0.2962962962962963,-0.5061728395061729,0.2716049382716049,-0.4074074074074074
U,0.0000000000000000,0.0000000000000000,0.0000000000000000,0.0000000000000000,0.0000000000000000,0.0000000000000000,0.0000000000000000,0.0000000000000000,0.0000000000000000,0.0000000000000000,0.0000000000000000,0.0000000000000000,0.0000000000000000,0.0000000000000000,0.0000000000000000,0.0000000000000000,0.0000000000000000,0.0000000000000000,0.0000000000000000,0.0000000000000000,0.0000000000000000,0.0000000000000000,0.0000000000000000,0.0000000000000000,0.0000000000000000,0.0000000000000000,0.0000000000000000,0.0000000000000000,0.0000000000000000,0.0000000000000000,0.0000000000000000,0.0000000000000000,0.0000000000000000,0.0000000000000000,0.0000000000000000,0.0000000000000000,0.0000000000000000,0.0000000000000000,0.0000000000000000,0.0000000000000000,0.0000000000000000,0.0000000000000000,0.0000000000000000,0.0000000000000000,-0.0697674418604651,-0.2093023255813954,-0.0348837209302326,-0.4883720930232558,-0.0348837209302326,-0.7209302325581395,-0.0465116279069767,-0.8953488372093024,0.4302325581395349,-0.3720930232558139,0.5465116279069767,-0.6860465116279070,0.5232558139534884,-0.8604651162790697,0.5000000000000000,-1.0000000000000000,0.5000000000000000,-0.3255813953488372,0.3837209302325582,-0.6046511627906976,0.2209302325581395,-0.5813953488372093,0.1744186046511628,-0.4883720930232558,0.4883720930232558,-0.3139534883720930,0.3604651162790697,-0.5697674418604651,0.2325581395348837,-0.5465116279069767,0.1976744186046512,-0.4651162790697674,0.4651162790697674,-0.3255813953488372,0.3837209302325582,-0.5232558139534884,0.2790697674418605,-0.5000000000000000,0.2441860465116279,-0.4186046511627907
U,0.0000000000000000,0.0000000000000000,0.0000000000000000,0.0000000000000000,0.0000000000000000,0.0000000000000000,0.0000000000000000,0.0000000000000000,0.0000000000000000,0.0000000000000000,0.0000000000000000,0.0000000000000000,0.0000000000000000,0.0000000000000000,0.0000000000000000,0.0000000000000000,0.0000000000000000,0.0000000000000000,0.0000000000000000,0.0000000000000000,0.0000000000000000,0.0000000000000000,0.0000000000000000,0.0000000000000000,0.0000000000000000,0.0000000000000000,0.0000000000000000,0.0000000000000000,0.0000000000000000,0.0000000000000000,0.0000000000000000,0.0000000000000000,0.0000000000000000,0.0000000000000000,0.0000000000000000,0.0000000000000000,0.0000000000000000,0.0000000000000000,0.0000000000000000,0.0000000000000000,0.0000000000000000,0.0000000000000000,0.0000000000000000,0.0000000000000000,0.1250000000000000,-0.2321428571428572,0.1607142857142857,-0.4821428571428572,0.1785714285714286,-0.6607142857142857,0.2142857142857143,-0.8214285714285714,-0.0714285714285714,-0.5714285714285714,-0.1964285714285714,-0.7678571428571429,-0.1785714285714286,-0.8928571428571429,-0.1428571428571428,-1.0000000000000000,-0.1428571428571428,-0.5178571428571429,-0.1071428571428571,-0.6785714285714286,0.0357142857142857,-0.5714285714285714,0.1071428571428571,-0.4642857142857143,-0.1785714285714286,-0.4464285714285715,-0.1428571428571428,-0.6071428571428571,0.0000000000000000,-0.5178571428571429,0.0535714285714286,-0.4107142857142857,-0.2142857142857143,-0.3571428571428572,-0.1785714285714286,-0.5000000000000000,-0.0535714285714286,-0.4642857142857143,0.0178571428571429,-0.3928571428571428
U,0.0000000000000000,0.0000000000000000,0.0000000000000000,0.0000000000000000,0.0000000000000000,0.0000000000000000,0.0000000000000000,0.0000000000000000,0.0000000000000000,0.0000000000000000,0.0000000000000000,0.0000000000000000,0.0000000000000000,0.0000000000000000,0.0000000000000000,0.0000000000000000,0.0000000000000000,0.0000000000000000,0.0000000000000000,0.0000000000000000,0.0000000000000000,0.0000000000000000,0.0000000000000000,0.0000000000000000,0.0000000000000000,0.0000000000000000,0.0000000000000000,0.0000000000000000,0.0000000000000000,0.0000000000000000,0.0000000000000000,0.0000000000000000,0.0000000000000000,0.0000000000000000,0.0000000000000000,0.0000000000000000,0.0000000000000000,0.0000000000000000,0.0000000000000000,0.0000000000000000,0.0000000000000000,0.0000000000000000,0.0000000000000000,0.0000000000000000,0.0000000000000000,-0.1891891891891892,0.0810810810810811,-0.4054054054054054,0.1891891891891892,-0.5405405405405406,0.3243243243243243,-0.5945945945945946,0.0270270270270270,-0.5675675675675675,-0.0270270270270270,-0.7837837837837838,-0.0540540540540541,-0.9189189189189190,-0.0810810810810811,-1.0000000000000000,0.1081081081081081,-0.5405405405405406,0.3243243243243243,-0.7297297297297297,0.4864864864864865,-0.6756756756756757,0.5405405405405406,-0.5945945945945946,0.1891891891891892,-0.4054054054054054,0.4594594594594595,-0.5405405405405406,0.5675675675675675,-0.4864864864864865,0.5945945945945946,-0.4054054054054054,0.2972972972972973,-0.2702702702702703,0.5135135135135135,-0.3243243243243243,0.5945945945945946,-0.2702702702702703,0.5945945945945946,-0.2162162162162162
U,0.0000000000000000,0.0000000000000000,0.0000000000000000,0.0000000000000000,0.0000000000000000,0.0000000000000000,0.0000000000000000,0.0000000000000000,0.0000000000000000,0.0000000000000000,0.0000000000000000,0.0000000000000000,0.0000000000000000,0.0000000000000000,0.0000000000000000,0.0000000000000000,0.0000000000000000,0.0000000000000000,0.0000000000000000,0.0000000000000000,0.0000000000000000,0.0000000000000000,0.0000000000000000,0.0000000000000000,0.0000000000000000,0.0000000000000000,0.0000000000000000,0.0000000000000000,0.0000000000000000,0.0000000000000000,0.0000000000000000,0.0000000000000000,0.0000000000000000,0.0000000000000000,0.0000000000000000,0.0000000000000000,0.0000000000000000,0.0000000000000000,0.0000000000000000,0.0000000000000000,0.0000000000000000,0.0000000000000000,0.0000000000000000,0.0000000000000000,0.1692307692307692,-0.2307692307692308,0.1846153846153846,-0.4769230769230769,0.1846153846153846,-0.6461538461538462,0.2307692307692308,-0.8000000000000000,-0.1230769230769231,-0.5846153846153846,-0.2153846153846154,-0.7846153846153846,-0.1538461538461539,-0.9076923076923077,-0.0769230769230769,-1.0000000000000000,-0.2000000000000000,-0.5076923076923077,-0.0307692307692308,-0.6000000000000000,0.0923076923076923,-0.4923076923076923,0.1384615384615385,-0.3846153846153846,-0.2307692307692308,-0.4000000000000000,-0.0307692307692308,-0.4923076923076923,0.0769230769230769,-0.4000000000000000,0.0923076923076923,-0.3076923076923077,-0.2307692307692308,-0.2769230769230769,-0.0769230769230769,-0.4153846153846154,0.0307692307692308,-0.3692307692307693,0.0769230769230769,-0.3230769230769231
U,0.0000000000000000,0.0000000000000000,0.0000000000000000,0.0000000000000000,0.0000000000000000,0.0000000000000000,0.0000000000000000,0.0000000000000000,0.0000000000000000,0.0000000000000000,0.0000000000000000,0.0000000000000000,0.0000000000000000,0.0000000000000000,0.0000000000000000,0.0000000000000000,0.0000000000000000,0.0000000000000000,0.0000000000000000,0.0000000000000000,0.0000000000000000,0.0000000000000000,0.0000000000000000,0.0000000000000000,0.0000000000000000,0.0000000000000000,0.0000000000000000,0.0000000000000000,0.0000000000000000,0.0000000000000000,0.0000000000000000,0.0000000000000000,0.0000000000000000,0.0000000000000000,0.0000000000000000,0.0000000000000000,0.0000000000000000,0.0000000000000000,0.0000000000000000,0.0000000000000000,0.0000000000000000,0.0000000000000000,0.0000000000000000,0.0000000000000000,0.0833333333333333,-0.2500000000000000,0.0500000000000000,-0.5166666666666667,0.0000000000000000,-0.7000000000000000,0.0166666666666667,-0.8833333333333333,-0.3500000000000000,-0.5500000000000000,-0.4833333333333333,-0.7500000000000000,-0.4333333333333333,-0.9166666666666666,-0.3500000000000000,-1.0000000000000000,-0.4166666666666667,-0.4500000000000000,-0.2166666666666667,-0.6166666666666667,-0.0666666666666667,-0.5166666666666667,-0.0166666666666667,-0.4166666666666667,-0.4166666666666667,-0.3333333333333333,-0.1833333333333333,-0.5000000000000000,-0.0666666666666667,-0.4000000000000000,-0.0333333333333333,-0.3000000000000000,-0.3833333333333334,-0.2000000000000000,-0.2166666666666667,-0.4000000000000000,-0.1000000000000000,-0.3666666666666666,-0.0500000000000000,-0.3000000000000000
U,0.0000000000000000,0.0000000000000000,0.0000000000000000,0.0000000000000000,0.0000000000000000,0.0000000000000000,0.0000000000000000,0.0000000000000000,0.0000000000000000,0.0000000000000000,0.0000000000000000,0.0000000000000000,0.0000000000000000,0.0000000000000000,0.0000000000000000,0.0000000000000000,0.0000000000000000,0.0000000000000000,0.0000000000000000,0.0000000000000000,0.0000000000000000,0.0000000000000000,0.0000000000000000,0.0000000000000000,0.0000000000000000,0.0000000000000000,0.0000000000000000,0.0000000000000000,0.0000000000000000,0.0000000000000000,0.0000000000000000,0.0000000000000000,0.0000000000000000,0.0000000000000000,0.0000000000000000,0.0000000000000000,0.0000000000000000,0.0000000000000000,0.0000000000000000,0.0000000000000000,0.0000000000000000,0.0000000000000000,0.0000000000000000,0.0000000000000000,0.1805555555555556,-0.3194444444444444,0.1666666666666667,-0.5694444444444444,0.1250000000000000,-0.7500000000000000,0.1388888888888889,-0.8888888888888888,-0.1666666666666667,-0.6111111111111112,-0.2777777777777778,-0.7916666666666666,-0.2500000000000000,-0.9166666666666666,-0.1805555555555556,-1.0000000000000000,-0.2361111111111111,-0.5277777777777778,-0.0555555555555556,-0.6666666666666666,0.0694444444444444,-0.5694444444444444,0.1111111111111111,-0.4861111111111111,-0.2361111111111111,-0.4166666666666667,-0.0416666666666667,-0.5555555555555556,0.0694444444444444,-0.4722222222222222,0.0972222222222222,-0.4027777777777778,-0.2083333333333333,-0.3055555555555556,-0.0972222222222222,-0.4583333333333333,0.0138888888888889,-0.4444444444444444,0.0833333333333333,-0.4027777777777778
U,0.0000000000000000,0.0000000000000000,0.0000000000000000,0.0000000000000000,0.0000000000000000,0.0000000000000000,0.0000000000000000,0.0000000000000000,0.0000000000000000,0.0000000000000000,0.0000000000000000,0.0000000000000000,0.0000000000000000,0.0000000000000000,0.0000000000000000,0.0000000000000000,0.0000000000000000,0.0000000000000000,0.0000000000000000,0.0000000000000000,0.0000000000000000,0.0000000000000000,0.0000000000000000,0.0000000000000000,0.0000000000000000,0.0000000000000000,0.0000000000000000,0.0000000000000000,0.0000000000000000,0.0000000000000000,0.0000000000000000,0.0000000000000000,0.0000000000000000,0.0000000000000000,0.0000000000000000,0.0000000000000000,0.0000000000000000,0.0000000000000000,0.0000000000000000,0.0000000000000000,0.0000000000000000,0.0000000000000000,0.0000000000000000,0.0000000000000000,0.1587301587301587,-0.2380952380952381,0.1428571428571428,-0.5238095238095238,0.0634920634920635,-0.7619047619047619,0.0317460317460317,-0.9523809523809523,-0.1587301587301587,-0.5555555555555556,-0.3492063492063492,-0.7460317460317460,-0.3492063492063492,-0.8888888888888888,-0.2857142857142857,-1.0000000000000000,-0.2539682539682540,-0.4920634920634920,-0.2063492063492063,-0.6190476190476191,-0.0793650793650794,-0.5079365079365079,-0.0158730158730159,-0.3968253968253968,-0.3015873015873016,-0.3809523809523809,-0.2539682539682540,-0.4920634920634920,-0.1428571428571428,-0.3968253968253968,-0.0793650793650794,-0.3333333333333333,-0.3174603174603174,-0.2698412698412698,-0.2857142857142857,-0.3492063492063492,-0.1904761904761905,-0.2857142857142857,-0.1428571428571428,-0.2222222222222222
U,0.0000000000000000,0.0000000000000000,0.0000000000000000,0.0000000000000000,0.0000000000000000,0.0000000000000000,0.0000000000000000,0.0000000000000000,0.0000000000000000,0.0000000000000000,0.0000000000000000,0.0000000000000000,0.0000000000000000,0.0000000000000000,0.0000000000000000,0.0000000000000000,0.0000000000000000,0.0000000000000000,0.0000000000000000,0.0000000000000000,0.0000000000000000,0.0000000000000000,0.0000000000000000,0.0000000000000000,0.0000000000000000,0.0000000000000000,0.0000000000000000,0.0000000000000000,0.0000000000000000,0.0000000000000000,0.0000000000000000,0.0000000000000000,0.0000000000000000,0.0000000000000000,0.0000000000000000,0.0000000000000000,0.0000000000000000,0.0000000000000000,0.0000000000000000,0.0000000000000000,0.0000000000000000,0.0000000000000000,0.0000000000000000,0.0000000000000000,0.0465116279069767,-0.1860465116279070,0.0930232558139535,-0.4883720930232558,0.1860465116279070,-0.7674418604651163,0.2790697674418605,-1.0000000000000000,-0.0232558139534884,-0.5348837209302325,-0.0465116279069767,-0.5813953488372093,-0.0465116279069767,-0.5116279069767442,-0.0232558139534884,-0.4651162790697674,0.0232558139534884,-0.4418604651162791,0.0465116279069767,-0.5813953488372093,0.0697674418604651,-0.4651162790697674,0.0465116279069767,-0.3720930232558139,0.0930232558139535,-0.3255813953488372,0.1395348837209302,-0.4651162790697674,0.1627906976744186,-0.3720930232558139,0.1860465116279070,-0.2558139534883721,0.1627906976744186,-0.1860465116279070,0.1860465116279070,-0.2558139534883721,0.2093023255813954,-0.1860465116279070,0.2325581395348837,-0.1395348837209302
U,0.0000000000000000,0.0000000000000000,0.0000000000000000,0.0000000000000000,0.0000000000000000,0.0000000000000000,0.0000000000000000,0.0000000000000000,0.0000000000000000,0.0000000000000000,0.0000000000000000,0.0000000000000000,0.0000000000000000,0.0000000000000000,0.0000000000000000,0.0000000000000000,0.0000000000000000,0.0000000000000000,0.0000000000000000,0.0000000000000000,0.0000000000000000,0.0000000000000000,0.0000000000000000,0.0000000000000000,0.0000000000000000,0.0000000000000000,0.0000000000000000,0.0000000000000000,0.0000000000000000,0.0000000000000000,0.0000000000000000,0.0000000000000000,0.0000000000000000,0.0000000000000000,0.0000000000000000,0.0000000000000000,0.0000000000000000,0.0000000000000000,0.0000000000000000,0.0000000000000000,0.0000000000000000,0.0000000000000000,0.0000000000000000,0.0000000000000000,0.0888888888888889,-0.2000000000000000,0.0444444444444444,-0.4666666666666667,0.0222222222222222,-0.6666666666666666,0.0000000000000000,-0.8666666666666667,-0.2666666666666667,-0.5111111111111111,-0.4444444444444444,-0.6888888888888889,-0.4888888888888889,-0.8666666666666667,-0.4888888888888889,-1.0000000000000000,-0.3333333333333333,-0.4444444444444444,-0.4666666666666667,-0.6666666666666666,-0.3333333333333333,-0.7333333333333333,-0.2000000000000000,-0.7333333333333333,-0.3777777777777778,-0.3333333333333333,-0.3777777777777778,-0.5333333333333333,-0.1777777777777778,-0.4888888888888889,-0.0444444444444444,-0.3777777777777778,-0.4000000000000000,-0.2000000000000000,-0.3777777777777778,-0.3777777777777778,-0.2222222222222222,-0.3777777777777778,-0.1111111111111111,-0.2888888888888889
U,0.0000000000000000,0.0000000000000000,0.0000000000000000,0.0000000000000000,0.0000000000000000,0.0000000000000000,0.0000000000000000,0.0000000000000000,0.0000000000000000,0.0000000000000000,0.0000000000000000,0.0000000000000000,0.0000000000000000,0.0000000000000000,0.0000000000000000,0.0000000000000000,0.0000000000000000,0.0000000000000000,0.0000000000000000,0.0000000000000000,0.0000000000000000,0.0000000000000000,0.0000000000000000,0.0000000000000000,0.0000000000000000,0.0000000000000000,0.0000000000000000,0.0000000000000000,0.0000000000000000,0.0000000000000000,0.0000000000000000,0.0000000000000000,0.0000000000000000,0.0000000000000000,0.0000000000000000,0.0000000000000000,0.0000000000000000,0.0000000000000000,0.0000000000000000,0.0000000000000000,0.0000000000000000,0.0000000000000000,0.0000000000000000,0.0000000000000000,0.1612903225806452,-0.2903225806451613,0.1612903225806452,-0.5376344086021505,0.1397849462365591,-0.7311827956989247,0.1397849462365591,-0.9032258064516129,-0.0967741935483871,-0.6021505376344086,-0.3225806451612903,-0.7634408602150538,-0.3763440860215054,-0.8817204301075269,-0.3763440860215054,-1.0000000000000000,-0.1827956989247312,-0.5483870967741935,-0.2258064516129032,-0.6666666666666666,-0.0537634408602151,-0.5913978494623656,0.0860215053763441,-0.5053763440860215,-0.2365591397849462,-0.4731182795698925,-0.2580645161290323,-0.5913978494623656,-0.0860215053763441,-0.5268817204301075,0.0645161290322581,-0.4623655913978494,-0.2795698924731183,-0.3870967741935484,-0.2903225806451613,-0.4946236559139785,-0.1612903225806452,-0.4838709677419355,-0.0215053763440860,-0.4408602150537634
U,0.0000000000000000,0.0000000000000000,0.0000000000000000,0.0000000000000000,0.0000000000000000,0.0000000000000000,0.0000000000000000,0.0000000000000000,0.0000000000000000,0.0000000000000000,0.0000000000000000,0.0000000000000000,0.0000000000000000,0.0000000000000000,0.0000000000000000,0.0000000000000000,0.0000000000000000,0.0000000000000000,0.0000000000000000,0.0000000000000000,0.0000000000000000,0.0000000000000000,0.0000000000000000,0.0000000000000000,0.0000000000000000,0.0000000000000000,0.0000000000000000,0.0000000000000000,0.0000000000000000,0.0000000000000000,0.0000000000000000,0.0000000000000000,0.0000000000000000,0.0000000000000000,0.0000000000000000,0.0000000000000000,0.0000000000000000,0.0000000000000000,0.0000000000000000,0.0000000000000000,0.0000000000000000,0.0000000000000000,0.0000000000000000,0.0000000000000000,0.0851063829787234,-0.3191489361702128,0.0425531914893617,-0.5744680851063830,-0.0212765957446809,-0.7659574468085106,-0.0212765957446809,-0.9361702127659575,-0.2553191489361702,-0.5957446808510638,-0.5106382978723404,-0.7446808510638298,-0.5744680851063830,-0.8723404255319149,-0.5957446808510638,-1.0000000000000000,-0.3191489361702128,-0.5319148936170213,-0.3829787234042553,-0.6595744680851063,-0.1914893617021277,-0.6170212765957447,-0.0425531914893617,-0.5319148936170213,-0.3404255319148936,-0.4255319148936170,-0.4042553191489361,-0.5744680851063830,-0.2340425531914894,-0.5531914893617021,-0.1063829787234043,-0.4893617021276596,-0.3617021276595745,-0.3191489361702128,-0.4255319148936170,-0.4680851063829787,-0.2978723404255319,-0.4893617021276596,-0.1702127659574468,-0.4468085106382979
U,0.0000000000000000,0.0000000000000000,0.0000000000000000,0.0000000000000000,0.0000000000000000,0.0000000000000000,0.0000000000000000,0.0000000000000000,0.0000000000000000,0.0000000000000000,0.0000000000000000,0.0000000000000000,0.0000000000000000,0.0000000000000000,0.0000000000000000,0.0000000000000000,0.0000000000000000,0.0000000000000000,0.0000000000000000,0.0000000000000000,0.0000000000000000,0.0000000000000000,0.0000000000000000,0.0000000000000000,0.0000000000000000,0.0000000000000000,0.0000000000000000,0.0000000000000000,0.0000000000000000,0.0000000000000000,0.0000000000000000,0.0000000000000000,0.0000000000000000,0.0000000000000000,0.0000000000000000,0.0000000000000000,0.0000000000000000,0.0000000000000000,0.0000000000000000,0.0000000000000000,0.0000000000000000,0.0000000000000000,0.0000000000000000,0.0000000000000000,0.1111111111111111,-0.2500000000000000,0.1111111111111111,-0.5000000000000000,0.1388888888888889,-0.6944444444444444,0.2222222222222222,-0.8333333333333334,-0.3611111111111111,-0.5833333333333334,-0.5277777777777778,-0.7500000000000000,-0.5000000000000000,-0.8888888888888888,-0.4166666666666667,-1.0000000000000000,-0.4444444444444444,-0.5000000000000000,-0.2500000000000000,-0.6666666666666666,-0.0277777777777778,-0.5277777777777778,0.0833333333333333,-0.3888888888888889,-0.4722222222222222,-0.4166666666666667,-0.2500000000000000,-0.5833333333333334,-0.0555555555555556,-0.4444444444444444,0.0277777777777778,-0.3055555555555556,-0.4722222222222222,-0.3055555555555556,-0.3055555555555556,-0.5000000000000000,-0.1388888888888889,-0.4166666666666667,-0.0833333333333333,-0.3055555555555556
U,0.0000000000000000,0.0000000000000000,0.0000000000000000,0.0000000000000000,0.0000000000000000,0.0000000000000000,0.0000000000000000,0.0000000000000000,0.0000000000000000,0.0000000000000000,0.0000000000000000,0.0000000000000000,0.0000000000000000,0.0000000000000000,0.0000000000000000,0.0000000000000000,0.0000000000000000,0.0000000000000000,0.0000000000000000,0.0000000000000000,0.0000000000000000,0.0000000000000000,0.0000000000000000,0.0000000000000000,0.0000000000000000,0.0000000000000000,0.0000000000000000,0.0000000000000000,0.0000000000000000,0.0000000000000000,0.0000000000000000,0.0000000000000000,0.0000000000000000,0.0000000000000000,0.0000000000000000,0.0000000000000000,0.0000000000000000,0.0000000000000000,0.0000000000000000,0.0000000000000000,0.0000000000000000,0.0000000000000000,0.0000000000000000,0.0000000000000000,0.2735849056603774,-0.1981132075471698,0.3207547169811321,-0.4716981132075472,0.2075471698113208,-0.6981132075471698,0.1698113207547170,-0.8773584905660378,-0.0283018867924528,-0.4905660377358491,-0.1886792452830189,-0.7547169811320755,-0.1698113207547170,-0.8962264150943396,-0.1132075471698113,-1.0000000000000000,-0.1415094339622641,-0.4811320754716981,-0.0094339622641509,-0.6415094339622641,0.0943396226415094,-0.5377358490566038,0.1509433962264151,-0.4245283018867925,-0.1981132075471698,-0.4433962264150944,-0.0377358490566038,-0.5943396226415094,0.0660377358490566,-0.4811320754716981,0.1226415094339623,-0.3962264150943396,-0.2264150943396226,-0.3962264150943396,-0.1132075471698113,-0.5377358490566038,-0.0094339622641509,-0.4811320754716981,0.0566037735849057,-0.4150943396226415
U,0.0000000000000000,0.0000000000000000,0.0000000000000000,0.0000000000000000,0.0000000000000000,0.0000000000000000,0.0000000000000000,0.0000000000000000,0.0000000000000000,0.0000000000000000,0.0000000000000000,0.0000000000000000,0.0000000000000000,0.0000000000000000,0.0000000000000000,0.0000000000000000,0.0000000000000000,0.0000000000000000,0.0000000000000000,0.0000000000000000,0.0000000000000000,0.0000000000000000,0.0000000000000000,0.0000000000000000,0.0000000000000000,0.0000000000000000,0.0000000000000000,0.0000000000000000,0.0000000000000000,0.0000000000000000,0.0000000000000000,0.0000000000000000,0.0000000000000000,0.0000000000000000,0.0000000000000000,0.0000000000000000,0.0000000000000000,0.0000000000000000,0.0000000000000000,0.0000000000000000,0.0000000000000000,0.0000000000000000,0.0000000000000000,0.0000000000000000,0.1428571428571428,-0.3047619047619048,0.0952380952380952,-0.5619047619047619,0.0380952380952381,-0.7428571428571429,0.0285714285714286,-0.9142857142857143,-0.3238095238095238,-0.5904761904761905,-0.4761904761904762,-0.7809523809523810,-0.4285714285714285,-0.9238095238095239,-0.3333333333333333,-1.0000000000000000,-0.3904761904761905,-0.5047619047619047,-0.1809523809523809,-0.6857142857142857,-0.0190476190476190,-0.5809523809523810,0.0476190476190476,-0.4761904761904762,-0.3809523809523809,-0.3904761904761905,-0.1523809523809524,-0.5714285714285714,-0.0190476190476190,-0.4857142857142857,0.0285714285714286,-0.4095238095238095,-0.3333333333333333,-0.2761904761904762,-0.1714285714285714,-0.4476190476190476,-0.0476190476190476,-0.4285714285714285,0.0190476190476190,-0.3904761904761905
U,0.0000000000000000,0.0000000000000000,-0.1551724137931035,-0.3448275862068966,-0.1551724137931035,-0.6379310344827587,-0.1034482758620690,-0.8448275862068966,-0.0344827586206897,-1.0000000000000000,0.0517241379310345,-0.7068965517241379,-0.1034482758620690,-0.8103448275862069,-0.2586206896551724,-0.7413793103448276,-0.3448275862068966,-0.6551724137931034,0.1379310344827586,-0.6034482758620690,-0.1724137931034483,-0.6379310344827587,-0.3793103448275862,-0.5689655172413793,-0.5000000000000000,-0.5000000000000000,0.1896551724137931,-0.4482758620689655,-0.1206896551724138,-0.5000000000000000,-0.2931034482758620,-0.4655172413793103,-0.3965517241379310,-0.4137931034482759,0.2068965517241379,-0.2758620689655172,-0.0689655172413793,-0.3103448275862069,-0.2068965517241379,-0.3103448275862069,-0.2931034482758620,-0.3103448275862069,0.0000000000000000,0.0000000000000000,0.0000000000000000,0.0000000000000000,0.0000000000000000,0.0000000000000000,0.0000000000000000,0.0000000000000000,0.0000000000000000,0.0000000000000000,0.0000000000000000,0.0000000000000000,0.0000000000000000,0.0000000000000000,0.0000000000000000,0.0000000000000000,0.0000000000000000,0.0000000000000000,0.0000000000000000,0.0000000000000000,0.0000000000000000,0.0000000000000000,0.0000000000000000,0.0000000000000000,0.0000000000000000,0.0000000000000000,0.0000000000000000,0.0000000000000000,0.0000000000000000,0.0000000000000000,0.0000000000000000,0.0000000000000000,0.0000000000000000,0.0000000000000000,0.0000000000000000,0.0000000000000000,0.0000000000000000,0.0000000000000000,0.0000000000000000,0.0000000000000000,0.0000000000000000,0.0000000000000000
U,0.0000000000000000,0.0000000000000000,0.0000000000000000,0.0000000000000000,0.0000000000000000,0.0000000000000000,0.0000000000000000,0.0000000000000000,0.0000000000000000,0.0000000000000000,0.0000000000000000,0.0000000000000000,0.0000000000000000,0.0000000000000000,0.0000000000000000,0.0000000000000000,0.0000000000000000,0.0000000000000000,0.0000000000000000,0.0000000000000000,0.0000000000000000,0.0000000000000000,0.0000000000000000,0.0000000000000000,0.0000000000000000,0.0000000000000000,0.0000000000000000,0.0000000000000000,0.0000000000000000,0.0000000000000000,0.0000000000000000,0.0000000000000000,0.0000000000000000,0.0000000000000000,0.0000000000000000,0.0000000000000000,0.0000000000000000,0.0000000000000000,0.0000000000000000,0.0000000000000000,0.0000000000000000,0.0000000000000000,0.0000000000000000,0.0000000000000000,0.1276595744680851,-0.2127659574468085,0.1489361702127660,-0.4893617021276596,0.1489361702127660,-0.7234042553191490,0.1702127659574468,-0.9148936170212766,-0.1276595744680851,-0.5744680851063830,-0.2765957446808511,-0.7659574468085106,-0.2340425531914894,-0.8936170212765957,-0.1914893617021277,-1.0000000000000000,-0.1914893617021277,-0.5106382978723404,-0.2127659574468085,-0.6808510638297872,-0.0425531914893617,-0.5957446808510638,0.0851063829787234,-0.4680851063829787,-0.2553191489361702,-0.4255319148936170,-0.2553191489361702,-0.5957446808510638,-0.0851063829787234,-0.5319148936170213,0.0212765957446809,-0.4255319148936170,-0.2978723404255319,-0.3404255319148936,-0.2765957446808511,-0.4893617021276596,-0.1276595744680851,-0.4468085106382979,-0.0425531914893617,-0.3617021276595745
U,0.0000000000000000,0.0000000000000000,0.0000000000000000,0.0000000000000000,0.0000000000000000,0.0000000000000000,0.0000000000000000,0.0000000000000000,0.0000000000000000,0.0000000000000000,0.0000000000000000,0.0000000000000000,0.0000000000000000,0.0000000000000000,0.0000000000000000,0.0000000000000000,0.0000000000000000,0.0000000000000000,0.0000000000000000,0.0000000000000000,0.0000000000000000,0.0000000000000000,0.0000000000000000,0.0000000000000000,0.0000000000000000,0.0000000000000000,0.0000000000000000,0.0000000000000000,0.0000000000000000,0.0000000000000000,0.0000000000000000,0.0000000000000000,0.0000000000000000,0.0000000000000000,0.0000000000000000,0.0000000000000000,0.0000000000000000,0.0000000000000000,0.0000000000000000,0.0000000000000000,0.0000000000000000,0.0000000000000000,0.0000000000000000,0.0000000000000000,0.1578947368421053,-0.1578947368421053,0.1842105263157895,-0.3947368421052632,0.2105263157894737,-0.5789473684210527,0.1578947368421053,-0.6578947368421053,-0.0526315789473684,-0.6315789473684210,-0.1842105263157895,-0.9210526315789473,-0.1052631578947368,-1.0000000000000000,0.0000000000000000,-1.0000000000000000,-0.1315789473684210,-0.6052631578947368,-0.1578947368421053,-0.8421052631578947,0.0263157894736842,-0.7368421052631579,0.1315789473684210,-0.5789473684210527,-0.1842105263157895,-0.5526315789473685,-0.1842105263157895,-0.7368421052631579,0.0000000000000000,-0.6578947368421053,0.0789473684210526,-0.5263157894736842,-0.2631578947368421,-0.4473684210526316,-0.2105263157894737,-0.6315789473684210,-0.1052631578947368,-0.6052631578947368,-0.0263157894736842,-0.5000000000000000
U,0.0000000000000000,0.0000000000000000,-0.1481481481481481,-0.1481481481481481,-0.2222222222222222,-0.3703703703703703,-0.1851851851851852,-0.5555555555555556,-0.1111111111111111,-0.7037037037037037,-0.2592592592592592,-0.5185185185185185,-0.3703703703703703,-0.7407407407407407,-0.4074074074074074,-0.8888888888888888,-0.3703703703703703,-1.0000000000000000,-0.1851851851851852,-0.5185185185185185,-0.2962962962962963,-0.7037037037037037,-0.2962962962962963,-0.5925925925925926,-0.2592592592592592,-0.4814814814814815,-0.1111111111111111,-0.4814814814814815,-0.1851851851851852,-0.6666666666666666,-0.2592592592592592,-0.5925925925925926,-0.2962962962962963,-0.4814814814814815,0.0000000000000000,-0.4444444444444444,0.0740740740740741,-0.6296296296296297,0.0740740740740741,-0.7777777777777778,0.1111111111111111,-0.8888888888888888,0.0000000000000000,0.0000000000000000,0.0000000000000000,0.0000000000000000,0.0000000000000000,0.0000000000000000,0.0000000000000000,0.0000000000000000,0.0000000000000000,0.0000000000000000,0.0000000000000000,0.0000000000000000,0.0000000000000000,0.0000000000000000,0.0000000000000000,0.0000000000000000,0.0000000000000000,0.0000000000000000,0.0000000000000000,0.0000000000000000,0.0000000000000000,0.0000000000000000,0.0000000000000000,0.0000000000000000,0.0000000000000000,0.0000000000000000,0.0000000000000000,0.0000000000000000,0.0000000000000000,0.0000000000000000,0.0000000000000000,0.0000000000000000,0.0000000000000000,0.0000000000000000,0.0000000000000000,0.0000000000000000,0.0000000000000000,0.0000000000000000,0.0000000000000000,0.0000000000000000,0.0000000000000000,0.0000000000000000
U,0.0000000000000000,0.0000000000000000,-0.0689655172413793,-0.1724137931034483,-0.1379310344827586,-0.3793103448275862,-0.1724137931034483,-0.5517241379310345,-0.1379310344827586,-0.6551724137931034,-0.2068965517241379,-0.5517241379310345,-0.2758620689655172,-0.7586206896551724,-0.2758620689655172,-0.8965517241379310,-0.2413793103448276,-1.0000000000000000,-0.1379310344827586,-0.5517241379310345,-0.2068965517241379,-0.7241379310344828,-0.1379310344827586,-0.5862068965517241,-0.1034482758620690,-0.5172413793103449,-0.0344827586206897,-0.5517241379310345,-0.1034482758620690,-0.6896551724137931,-0.0689655172413793,-0.5517241379310345,-0.0344827586206897,-0.4482758620689655,0.0344827586206897,-0.5172413793103449,0.0689655172413793,-0.6896551724137931,0.1379310344827586,-0.8275862068965517,0.1724137931034483,-0.8965517241379310,0.0000000000000000,0.0000000000000000,0.0000000000000000,0.0000000000000000,0.0000000000000000,0.0000000000000000,0.0000000000000000,0.0000000000000000,0.0000000000000000,0.0000000000000000,0.0000000000000000,0.0000000000000000,0.0000000000000000,0.0000000000000000,0.0000000000000000,0.0000000000000000,0.0000000000000000,0.0000000000000000,0.0000000000000000,0.0000000000000000,0.0000000000000000,0.0000000000000000,0.0000000000000000,0.0000000000000000,0.0000000000000000,0.0000000000000000,0.0000000000000000,0.0000000000000000,0.0000000000000000,0.0000000000000000,0.0000000000000000,0.0000000000000000,0.0000000000000000,0.0000000000000000,0.0000000000000000,0.0000000000000000,0.0000000000000000,0.0000000000000000,0.0000000000000000,0.0000000000000000,0.0000000000000000,0.0000000000000000
U,0.0000000000000000,0.0000000000000000,-0.2500000000000000,-0.1250000000000000,-0.4166666666666667,-0.3333333333333333,-0.4583333333333333,-0.5000000000000000,-0.3750000000000000,-0.6666666666666666,-0.3333333333333333,-0.5416666666666666,-0.4166666666666667,-0.7500000000000000,-0.4583333333333333,-0.8333333333333334,-0.4583333333333333,-0.8750000000000000,-0.2083333333333333,-0.5833333333333334,-0.2916666666666667,-0.7083333333333334,-0.2916666666666667,-0.5833333333333334,-0.2916666666666667,-0.5000000000000000,-0.0833333333333333,-0.5833333333333334,-0.1666666666666667,-0.7500000000000000,-0.1666666666666667,-0.6250000000000000,-0.1666666666666667,-0.5416666666666666,0.0833333333333333,-0.5416666666666666,0.0833333333333333,-0.7916666666666666,0.0833333333333333,-0.9166666666666666,0.0833333333333333,-1.0000000000000000,0.0000000000000000,0.0000000000000000,0.0000000000000000,0.0000000000000000,0.0000000000000000,0.0000000000000000,0.0000000000000000,0.0000000000000000,0.0000000000000000,0.0000000000000000,0.0000000000000000,0.0000000000000000,0.0000000000000000,0.0000000000000000,0.0000000000000000,0.0000000000000000,0.0000000000000000,0.0000000000000000,0.0000000000000000,0.0000000000000000,0.0000000000000000,0.0000000000000000,0.0000000000000000,0.0000000000000000,0.0000000000000000,0.0000000000000000,0.0000000000000000,0.0000000000000000,0.0000000000000000,0.0000000000000000,0.0000000000000000,0.0000000000000000,0.0000000000000000,0.0000000000000000,0.0000000000000000,0.0000000000000000,0.0000000000000000,0.0000000000000000,0.0000000000000000,0.0000000000000000,0.0000000000000000,0.0000000000000000
V,0.0000000000000000,0.0000000000000000,-0.1083953241232731,-0.1912858660998937,-0.0595111583421892,-0.4017003188097769,0.1477151965993624,-0.4208289054197662,0.2922422954303932,-0.3326248671625930,0.0669500531349628,-0.5196599362380446,0.1105207226354942,-0.7470775770456961,0.1349628055260361,-0.8841657810839533,0.1615302869287991,-1.0000000000000000,0.1955366631243358,-0.4612114771519660,0.3400637619553666,-0.6503719447396387,0.4314558979808714,-0.7747077577045696,0.5154091392136025,-0.8756641870350691,0.2741764080765143,-0.3719447396386822,0.3751328374070138,-0.4877789585547290,0.2635494155154091,-0.3761955366631243,0.1870350690754516,-0.2752391073326249,0.3304994686503719,-0.2561105207226355,0.3761955366631243,-0.3368756641870351,0.2816153028692880,-0.2592986184909671,0.2157279489904357,-0.1795961742826780,0.0000000000000000,0.0000000000000000,0.0000000000000000,0.0000000000000000,0.0000000000000000,0.0000000000000000,0.0000000000000000,0.0000000000000000,0.0000000000000000,0.0000000000000000,0.0000000000000000,0.0000000000000000,0.0000000000000000,0.0000000000000000,0.0000000000000000,0.0000000000000000,0.0000000000000000,0.0000000000000000,0.0000000000000000,0.0000000000000000,0.0000000000000000,0.0000000000000000,0.0000000000000000,0.0000000000000000,0.0000000000000000,0.0000000000000000,0.0000000000000000,0.0000000000000000,0.0000000000000000,0.0000000000000000,0.0000000000000000,0.0000000000000000,0.0000000000000000,0.0000000000000000,0.0000000000000000,0.0000000000000000,0.0000000000000000,0.0000000000000000,0.0000000000000000,0.0000000000000000,0.0000000000000000,0.0000000000000000
V,0.0000000000000000,0.0000000000000000,0.0000000000000000,0.0000000000000000,0.0000000000000000,0.0000000000000000,0.0000000000000000,0.0000000000000000,0.0000000000000000,0.0000000000000000,0.0000000000000000,0.0000000000000000,0.0000000000000000,0.0000000000000000,0.0000000000000000,0.0000000000000000,0.0000000000000000,0.0000000000000000,0.0000000000000000,0.0000000000000000,0.0000000000000000,0.0000000000000000,0.0000000000000000,0.0000000000000000,0.0000000000000000,0.0000000000000000,0.0000000000000000,0.0000000000000000,0.0000000000000000,0.0000000000000000,0.0000000000000000,0.0000000000000000,0.0000000000000000,0.0000000000000000,0.0000000000000000,0.0000000000000000,0.0000000000000000,0.0000000000000000,0.0000000000000000,0.0000000000000000,0.0000000000000000,0.0000000000000000,0.0000000000000000,0.0000000000000000,-0.1521739130434783,-0.1630434782608696,-0.1304347826086956,-0.3369565217391304,-0.0217391304347826,-0.4347826086956522,0.0869565217391304,-0.4673913043478261,-0.0869565217391304,-0.4347826086956522,-0.1195652173913044,-0.6847826086956522,-0.1413043478260869,-0.8478260869565217,-0.1521739130434783,-0.9673913043478261,0.0543478260869565,-0.4239130434782609,0.1086956521739130,-0.6956521739130435,0.1413043478260869,-0.8695652173913043,0.1847826086956522,-1.0000000000000000,0.1847826086956522,-0.3695652173913043,0.2065217391304348,-0.5108695652173914,0.1521739130434783,-0.4565217391304348,0.1195652173913044,-0.3913043478260870,0.2826086956521739,-0.2826086956521739,0.2717391304347826,-0.3913043478260870,0.2282608695652174,-0.3586956521739130,0.2065217391304348,-0.3043478260869565
V,0.0000000000000000,0.0000000000000000,0.0000000000000000,0.0000000000000000,0.0000000000000000,0.0000000000000000,0.0000000000000000,0.0000000000000000,0.0000000000000000,0.0000000000000000,0.0000000000000000,0.0000000000000000,0.0000000000000000,0.0000000000000000,0.0000000000000000,0.0000000000000000,0.0000000000000000,0.0000000000000000,0.0000000000000000,0.0000000000000000,0.0000000000000000,0.0000000000000000,0.0000000000000000,0.0000000000000000,0.0000000000000000,0.0000000000000000,0.0000000000000000,0.0000000000000000,0.0000000000000000,0.0000000000000000,0.0000000000000000,0.0000000000000000,0.0000000000000000,0.0000000000000000,0.0000000000000000,0.0000000000000000,0.0000000000000000,0.0000000000000000,0.0000000000000000,0.0000000000000000,0.0000000000000000,0.0000000000000000,0.0000000000000000,0.0000000000000000,-0.1855670103092784,-0.1340206185567010,-0.2164948453608248,-0.2886597938144330,-0.1237113402061856,-0.3814432989690721,-0.0412371134020619,-0.4226804123711340,-0.1958762886597938,-0.4329896907216495,-0.2680412371134021,-0.6597938144329897,-0.2989690721649484,-0.8041237113402062,-0.3195876288659794,-0.9072164948453608,-0.0412371134020619,-0.4432989690721649,-0.0412371134020619,-0.7010309278350515,-0.0309278350515464,-0.8762886597938144,-0.0206185567010309,-1.0000000000000000,0.0824742268041237,-0.4123711340206185,0.0618556701030928,-0.5463917525773195,0.0309278350515464,-0.4742268041237113,0.0206185567010309,-0.3917525773195876,0.1958762886597938,-0.3608247422680412,0.1546391752577320,-0.4639175257731959,0.1237113402061856,-0.4123711340206185,0.1134020618556701,-0.3505154639175257
V,0.0000000000000000,0.0000000000000000,0.0000000000000000,0.0000000000000000,0.0000000000000000,0.0000000000000000,0.0000000000000000,0.0000000000000000,0.0000000000000000,0.0000000000000000,0.0000000000000000,0.0000000000000000,0.0000000000000000,0.0000000000000000,0.0000000000000000,0.0000000000000000,0.0000000000000000,0.0000000000000000,0.0000000000000000,0.0000000000000000,0.0000000000000000,0.0000000000000000,0.0000000000000000,0.0000000000000000,0.0000000000000000,0.0000000000000000,0.0000000000000000,0.0000000000000000,0.0000000000000000,0.0000000000000000,0.0000000000000000,0.0000000000000000,0.0000000000000000,0.0000000000000000,0.0000000000000000,0.0000000000000000,0.0000000000000000,0.0000000000000000,0.0000000000000000,0.0000000000000000,0.0000000000000000,0.0000000000000000,0.0000000000000000,0.0000000000000000,-0.1333333333333333,-0.1777777777777778,-0.1000000000000000,-0.3555555555555556,0.0222222222222222,-0.4333333333333333,0.1444444444444444,-0.4444444444444444,-0.0444444444444444,-0.4777777777777778,-0.0333333333333333,-0.7222222222222222,-0.0333333333333333,-0.8777777777777778,-0.0333333333333333,-1.0000000000000000,0.1111111111111111,-0.4444444444444444,0.2111111111111111,-0.6888888888888889,0.2666666666666667,-0.8444444444444444,0.3222222222222222,-0.9666666666666667,0.2333333333333333,-0.3666666666666666,0.2777777777777778,-0.4666666666666667,0.2222222222222222,-0.4000000000000000,0.1777777777777778,-0.3333333333333333,0.3222222222222222,-0.2666666666666667,0.3111111111111111,-0.3111111111111111,0.2666666666666667,-0.2777777777777778,0.2444444444444444,-0.2222222222222222
V,0.0000000000000000,0.0000000000000000,0.0000000000000000,0.0000000000000000,0.0000000000000000,0.0000000000000000,0.0000000000000000,0.0000000000000000,0.0000000000000000,0.0000000000000000,0.0000000000000000,0.0000000000000000,0.0000000000000000,0.0000000000000000,0.0000000000000000,0.0000000000000000,0.0000000000000000,0.0000000000000000,0.0000000000000000,0.0000000000000000,0.0000000000000000,0.0000000000000000,0.0000000000000000,0.0000000000000000,0.0000000000000000,0.0000000000000000,0.0000000000000000,0.0000000000000000,0.0000000000000000,0.0000000000000000,0.0000000000000000,0.0000000000000000,0.0000000000000000,0.0000000000000000,0.0000000000000000,0.0000000000000000,0.0000000000000000,0.0000000000000000,0.0000000000000000,0.0000000000000000,0.0000000000000000,0.0000000000000000,0.0000000000000000,0.0000000000000000,-0.1868131868131868,-0.1098901098901099,-0.2417582417582418,-0.2747252747252747,-0.1538461538461539,-0.4065934065934066,-0.0659340659340659,-0.4615384615384616,-0.2417582417582418,-0.3956043956043956,-0.3296703296703297,-0.6153846153846154,-0.3956043956043956,-0.7582417582417582,-0.4395604395604396,-0.8681318681318682,-0.0879120879120879,-0.4285714285714285,-0.1098901098901099,-0.6813186813186813,-0.1208791208791209,-0.8571428571428571,-0.1208791208791209,-1.0000000000000000,0.0549450549450549,-0.4065934065934066,0.0549450549450549,-0.5274725274725275,0.0329670329670330,-0.4505494505494506,0.0109890109890110,-0.3736263736263736,0.1758241758241758,-0.3516483516483517,0.1538461538461539,-0.4065934065934066,0.1208791208791209,-0.3626373626373626,0.1098901098901099,-0.2967032967032967
V,0.0000000000000000,0.0000000000000000,0.0000000000000000,0.0000000000000000,0.0000000000000000,0.0000000000000000,0.0000000000000000,0.0000000000000000,0.0000000000000000,0.0000000000000000,0.0000000000000000,0.0000000000000000,0.0000000000000000,0.0000000000000000,0.0000000000000000,0.0000000000000000,0.0000000000000000,0.0000000000000000,0.0000000000000000,0.0000000000000000,0.0000000000000000,0.0000000000000000,0.0000000000000000,0.0000000000000000,0.0000000000000000,0.0000000000000000,0.0000000000000000,0.0000000000000000,0.0000000000000000,0.0000000000000000,0.0000000000000000,0.0000000000000000,0.0000000000000000,0.0000000000000000,0.0000000000000000,0.0000000000000000,0.0000000000000000,0.0000000000000000,0.0000000000000000,0.0000000000000000,0.0000000000000000,0.0000000000000000,0.0000000000000000,0.0000000000000000,-0.0217391304347826,-0.2391304347826087,0.0760869565217391,-0.4021739130434783,0.2173913043478261,-0.4021739130434783,0.3152173913043478,-0.3478260869565217,0.1521739130434783,-0.5108695652173914,0.2391304347826087,-0.7608695652173914,0.2934782608695652,-0.9021739130434783,0.3369565217391304,-1.0000000000000000,0.2934782608695652,-0.4239130434782609,0.4673913043478261,-0.6739130434782609,0.5652173913043478,-0.8152173913043478,0.6413043478260869,-0.9130434782608695,0.3913043478260870,-0.3043478260869565,0.4239130434782609,-0.4130434782608696,0.3369565217391304,-0.3586956521739130,0.2717391304347826,-0.3043478260869565,0.4565217391304348,-0.1739130434782609,0.4565217391304348,-0.2608695652173913,0.3913043478260870,-0.2391304347826087,0.3260869565217391,-0.1956521739130435
V,0.0000000000000000,0.0000000000000000,0.0000000000000000,0.0000000000000000,0.0000000000000000,0.0000000000000000,0.0000000000000000,0.0000000000000000,0.0000000000000000,0.0000000000000000,0.0000000000000000,0.0000000000000000,0.0000000000000000,0.0000000000000000,0.0000000000000000,0.0000000000000000,0.0000000000000000,0.0000000000000000,0.0000000000000000,0.0000000000000000,0.0000000000000000,0.0000000000000000,0.0000000000000000,0.0000000000000000,0.0000000000000000,0.0000000000000000,0.0000000000000000,0.0000000000000000,0.0000000000000000,0.0000000000000000,0.0000000000000000,0.0000000000000000,0.0000000000000000,0.0000000000000000,0.0000000000000000,0.0000000000000000,0.0000000000000000,0.0000000000000000,0.0000000000000000,0.0000000000000000,0.0000000000000000,0.0000000000000000,0.0000000000000000,0.0000000000000000,0.1142857142857143,-0.0857142857142857,0.1714285714285714,-0.1428571428571428,0.2285714285714286,-0.1142857142857143,0.1714285714285714,-0.0571428571428571,0.1142857142857143,-0.4000000000000000,0.1428571428571428,-0.6571428571428571,0.1714285714285714,-0.8571428571428571,0.1714285714285714,-1.0000000000000000,-0.0285714285714286,-0.3714285714285714,-0.1428571428571428,-0.6000000000000000,-0.2571428571428571,-0.7428571428571429,-0.3428571428571429,-0.8857142857142857,-0.1428571428571428,-0.2857142857142857,-0.1142857142857143,-0.2000000000000000,0.0000000000000000,-0.0571428571428571,0.0857142857142857,0.0571428571428571,-0.2000000000000000,-0.1714285714285714,-0.1142857142857143,-0.0571428571428571,0.0000000000000000,0.0571428571428571,0.0857142857142857,0.0857142857142857
V,0.0000000000000000,0.0000000000000000,0.0000000000000000,0.0000000000000000,0.0000000000000000,0.0000000000000000,0.0000000000000000,0.0000000000000000,0.0000000000000000,0.0000000000000000,0.0000000000000000,0.0000000000000000,0.0000000000000000,0.0000000000000000,0.0000000000000000,0.0000000000000000,0.0000000000000000,0.0000000000000000,0.0000000000000000,0.0000000000000000,0.0000000000000000,0.0000000000000000,0.0000000000000000,0.0000000000000000,0.0000000000000000,0.0000000000000000,0.0000000000000000,0.0000000000000000,0.0000000000000000,0.0000000000000000,0.0000000000000000,0.0000000000000000,0.0000000000000000,0.0000000000000000,0.0000000000000000,0.0000000000000000,0.0000000000000000,0.0000000000000000,0.0000000000000000,0.0000000000000000,0.0000000000000000,0.0000000000000000,0.0000000000000000,0.0000000000000000,0.1935483870967742,-0.1935483870967742,0.2580645161290323,-0.4193548387096774,0.2258064516129032,-0.5806451612903226,0.1612903225806452,-0.6451612903225806,0.0967741935483871,-0.6774193548387096,0.0645161290322581,-0.8387096774193549,0.0645161290322581,-0.8709677419354839,0.0645161290322581,-0.8709677419354839,0.0000000000000000,-0.6774193548387096,-0.0645161290322581,-0.8709677419354839,-0.0322580645161290,-0.9354838709677419,-0.0322580645161290,-1.0000000000000000,-0.0967741935483871,-0.6129032258064516,-0.0967741935483871,-0.7419354838709677,-0.0322580645161290,-0.6774193548387096,0.0322580645161290,-0.5806451612903226,-0.1935483870967742,-0.5161290322580645,-0.1612903225806452,-0.6129032258064516,-0.0967741935483871,-0.5806451612903226,-0.0322580645161290,-0.4838709677419355
V,0.0000000000000000,0.0000000000000000,-0.2307692307692308,-0.0769230769230769,-0.5384615384615384,0.0000000000000000,-0.7692307692307693,0.1538461538461539,-0.8461538461538461,0.3076923076923077,-0.7692307692307693,0.0000000000000000,-1.0000000000000000,0.2307692307692308,-0.9230769230769231,0.3076923076923077,-0.7692307692307693,0.3076923076923077,-0.7692307692307693,0.1538461538461539,-1.0000000000000000,0.3076923076923077,-0.8461538461538461,0.3846153846153846,-0.6923076923076923,0.3076923076923077,-0.7692307692307693,0.2307692307692308,-0.9230769230769231,0.4615384615384616,-0.8461538461538461,0.4615384615384616,-0.6923076923076923,0.3846153846153846,-0.6923076923076923,0.3846153846153846,-0.8461538461538461,0.5384615384615384,-0.7692307692307693,0.5384615384615384,-0.6923076923076923,0.4615384615384616,0.0000000000000000,0.0000000000000000,0.0000000000000000,0.0000000000000000,0.0000000000000000,0.0000000000000000,0.0000000000000000,0.0000000000000000,0.0000000000000000,0.0000000000000000,0.0000000000000000,0.0000000000000000,0.0000000000000000,0.0000000000000000,0.0000000000000000,0.0000000000000000,0.0000000000000000,0.0000000000000000,0.0000000000000000,0.0000000000000000,0.0000000000000000,0.0000000000000000,0.0000000000000000,0.0000000000000000,0.0000000000000000,0.0000000000000000,0.0000000000000000,0.0000000000000000,0.0000000000000000,0.0000000000000000,0.0000000000000000,0.0000000000000000,0.0000000000000000,0.0000000000000000,0.0000000000000000,0.0000000000000000,0.0000000000000000,0.0000000000000000,0.0000000000000000,0.0000000000000000,0.0000000000000000,0.0000000000000000
V,0.0000000000000000,0.0000000000000000,0.0000000000000000,0.0000000000000000,0.0000000000000000,0.0000000000000000,0.0000000000000000,0.0000000000000000,0.0000000000000000,0.0000000000000000,0.0000000000000000,0.0000000000000000,0.0000000000000000,0.0000000000000000,0.0000000000000000,0.0000000000000000,0.0000000000000000,0.0000000000000000,0.0000000000000000,0.0000000000000000,0.0000000000000000,0.0000000000000000,0.0000000000000000,0.0000000000000000,0.0000000000000000,0.0000000000000000,0.0000000000000000,0.0000000000000000,0.0000000000000000,0.0000000000000000,0.0000000000000000,0.0000000000000000,0.0000000000000000,0.0000000000000000,0.0000000000000000,0.0000000000000000,0.0000000000000000,0.0000000000000000,0.0000000000000000,0.0000000000000000,0.0000000000000000,0.0000000000000000,0.0000000000000000,0.0000000000000000,0.1692307692307692,-0.0615384615384615,0.2769230769230769,-0.1846153846153846,0.2923076923076923,-0.3076923076923077,0.2000000000000000,-0.3692307692307693,0.2307692307692308,-0.4461538461538462,0.3384615384615385,-0.6307692307692307,0.4153846153846154,-0.7538461538461538,0.4615384615384616,-0.8615384615384616,0.1230769230769231,-0.4615384615384616,0.1384615384615385,-0.7230769230769231,0.1846153846153846,-0.8769230769230769,0.2000000000000000,-1.0000000000000000,0.0153846153846154,-0.4307692307692308,0.0769230769230769,-0.5846153846153846,0.1538461538461539,-0.4769230769230769,0.1692307692307692,-0.3692307692307693,-0.0923076923076923,-0.3538461538461539,-0.0153846153846154,-0.4769230769230769,0.0461538461538462,-0.4000000000000000,0.0769230769230769,-0.3076923076923077
V,0.0000000000000000,0.0000000000000000,0.0000000000000000,0.0000000000000000,0.0000000000000000,0.0000000000000000,0.0000000000000000,0.0000000000000000,0.0000000000000000,0.0000000000000000,0.0000000000000000,0.0000000000000000,0.0000000000000000,0.0000000000000000,0.0000000000000000,0.0000000000000000,0.0000000000000000,0.0000000000000000,0.0000000000000000,0.0000000000000000,0.0000000000000000,0.0000000000000000,0.0000000000000000,0.0000000000000000,0.0000000000000000,0.0000000000000000,0.0000000000000000,0.0000000000000000,0.0000000000000000,0.0000000000000000,0.0000000000000000,0.0000000000000000,0.0000000000000000,0.0000000000000000,0.0000000000000000,0.0000000000000000,0.0000000000000000,0.0000000000000000,0.0000000000000000,0.0000000000000000,0.0000000000000000,0.0000000000000000,0.0000000000000000,0.0000000000000000,0.2307692307692308,-0.1923076923076923,0.4230769230769231,-0.4230769230769231,0.5000000000000000,-0.5384615384615384,0.5769230769230769,-0.5384615384615384,0.1923076923076923,-0.8461538461538461,0.3461538461538461,-1.0000000000000000,0.4615384615384616,-0.8076923076923077,0.5000000000000000,-0.6538461538461539,0.0384615384615385,-0.8076923076923077,0.1923076923076923,-0.9615384615384616,0.3461538461538461,-0.7692307692307693,0.3461538461538461,-0.6153846153846154,-0.1153846153846154,-0.6923076923076923,0.0000000000000000,-0.8846153846153846,0.1923076923076923,-0.6923076923076923,0.2307692307692308,-0.5384615384615384,-0.2692307692307692,-0.5000000000000000,-0.1153846153846154,-0.6153846153846154,0.0769230769230769,-0.5000000000000000,0.1923076923076923,-0.3846153846153846
V,0.0000000000000000,0.0000000000000000,0.0000000000000000,0.0000000000000000,0.0000000000000000,0.0000000000000000,0.0000000000000000,0.0000000000000000,0.0000000000000000,0.0000000000000000,0.0000000000000000,0.0000000000000000,0.0000000000000000,0.0000000000000000,0.0000000000000000,0.0000000000000000,0.0000000000000000,0.0000000000000000,0.0000000000000000,0.0000000000000000,0.0000000000000000,0.0000000000000000,0.0000000000000000,0.0000000000000000,0.0000000000000000,0.0000000000000000,0.0000000000000000,0.0000000000000000,0.0000000000000000,0.0000000000000000,0.0000000000000000,0.0000000000000000,0.0000000000000000,0.0000000000000000,0.0000000000000000,0.0000000000000000,0.0000000000000000,0.0000000000000000,0.0000000000000000,0.0000000000000000,0.0000000000000000,0.0000000000000000,0.0000000000000000,0.0000000000000000,0.1200000000000000,-0.1000000000000000,0.2200000000000000,-0.2400000000000000,0.2200000000000000,-0.3400000000000000,0.1600000000000000,-0.3800000000000000,0.0600000000000000,-0.5000000000000000,0.0400000000000000,-0.6800000000000000,0.0200000000000000,-0.8200000000000000,0.0000000000000000,-0.9399999999999999,-0.0400000000000000,-0.4800000000000000,-0.0800000000000000,-0.7200000000000000,-0.0800000000000000,-0.8800000000000000,-0.0800000000000000,-1.0000000000000000,-0.1400000000000000,-0.4200000000000000,-0.1200000000000000,-0.6000000000000000,0.0000000000000000,-0.5000000000000000,0.0600000000000000,-0.4000000000000000,-0.2200000000000000,-0.3000000000000000,-0.1800000000000000,-0.4200000000000000,-0.0800000000000000,-0.3800000000000000,0.0000000000000000,-0.3000000000000000
V,0.0000000000000000,0.0000000000000000,0.0000000000000000,0.0000000000000000,0.0000000000000000,0.0000000000000000,0.0000000000000000,0.0000000000000000,0.0000000000000000,0.0000000000000000,0.0000000000000000,0.0000000000000000,0.0000000000000000,0.0000000000000000,0.0000000000000000,0.0000000000000000,0.0000000000000000,0.0000000000000000,0.0000000000000000,0.0000000000000000,0.0000000000000000,0.0000000000000000,0.0000000000000000,0.0000000000000000,0.0000000000000000,0.0000000000000000,0.0000000000000000,0.0000000000000000,0.0000000000000000,0.0000000000000000,0.0000000000000000,0.0000000000000000,0.0000000000000000,0.0000000000000000,0.0000000000000000,0.0000000000000000,0.0000000000000000,0.0000000000000000,0.0000000000000000,0.0000000000000000,0.0000000000000000,0.0000000000000000,0.0000000000000000,0.0000000000000000,0.1927710843373494,-0.0843373493975904,0.3132530120481928,-0.1927710843373494,0.3253012048192771,-0.2168674698795181,0.2771084337349398,-0.2168674698795181,0.1807228915662651,-0.4819277108433735,0.2409638554216867,-0.7228915662650602,0.2650602409638554,-0.8674698795180723,0.2650602409638554,-1.0000000000000000,0.0361445783132530,-0.4698795180722892,-0.1084337349397590,-0.6265060240963856,-0.2289156626506024,-0.7590361445783133,-0.3132530120481928,-0.8795180722891566,-0.0843373493975904,-0.3855421686746988,-0.0361445783132530,-0.3253012048192771,0.0602409638554217,-0.2289156626506024,0.1445783132530120,-0.1807228915662651,-0.1445783132530120,-0.2771084337349398,-0.0481927710843374,-0.2289156626506024,0.0722891566265060,-0.1686746987951807,0.1807228915662651,-0.1204819277108434
V,0.0000000000000000,0.0000000000000000,0.0113636363636364,-0.1363636363636364,0.0454545454545455,-0.2840909090909091,0.1136363636363636,-0.3068181818181818,0.1931818181818182,-0.3068181818181818,0.0000000000000000,-0.5113636363636364,0.0000000000000000,-0.7613636363636364,-0.0340909090909091,-0.8863636363636364,-0.0795454545454545,-1.0000000000000000,-0.0227272727272727,-0.4659090909090909,-0.1704545454545454,-0.5909090909090909,-0.3295454545454545,-0.6363636363636364,-0.4545454545454545,-0.6704545454545454,-0.0113636363636364,-0.3863636363636364,-0.0340909090909091,-0.3522727272727273,0.0000000000000000,-0.2727272727272727,0.0454545454545455,-0.2272727272727273,0.0113636363636364,-0.2840909090909091,0.0340909090909091,-0.2840909090909091,0.0795454545454545,-0.2272727272727273,0.1363636363636364,-0.1818181818181818,0.0000000000000000,0.0000000000000000,0.0000000000000000,0.0000000000000000,0.0000000000000000,0.0000000000000000,0.0000000000000000,0.0000000000000000,0.0000000000000000,0.0000000000000000,0.0000000000000000,0.0000000000000000,0.0000000000000000,0.0000000000000000,0.0000000000000000,0.0000000000000000,0.0000000000000000,0.0000000000000000,0.0000000000000000,0.0000000000000000,0.0000000000000000,0.0000000000000000,0.0000000000000000,0.0000000000000000,0.0000000000000000,0.0000000000000000,0.0000000000000000,0.0000000000000000,0.0000000000000000,0.0000000000000000,0.0000000000000000,0.0000000000000000,0.0000000000000000,0.0000000000000000,0.0000000000000000,0.0000000000000000,0.0000000000000000,0.0000000000000000,0.0000000000000000,0.0000000000000000,0.0000000000000000,0.0000000000000000
V,0.0000000000000000,0.0000000000000000,-0.0476190476190476,-0.2142857142857143,0.0238095238095238,-0.4523809523809524,0.0238095238095238,-0.6428571428571429,0.0000000000000000,-0.8095238095238095,0.3095238095238095,-0.4761904761904762,0.5000000000000000,-0.6904761904761905,0.6190476190476191,-0.8333333333333334,0.6904761904761905,-1.0000000000000000,0.3809523809523809,-0.3333333333333333,0.5714285714285714,-0.5238095238095238,0.6666666666666666,-0.7142857142857143,0.7380952380952381,-0.8809523809523809,0.4047619047619048,-0.1666666666666667,0.4047619047619048,-0.1428571428571428,0.3095238095238095,-0.0952380952380952,0.2380952380952381,-0.0714285714285714,0.3571428571428572,0.0000000000000000,0.3571428571428572,0.0476190476190476,0.2857142857142857,0.0476190476190476,0.2380952380952381,0.0476190476190476,0.0000000000000000,0.0000000000000000,0.0000000000000000,0.0000000000000000,0.0000000000000000,0.0000000000000000,0.0000000000000000,0.0000000000000000,0.0000000000000000,0.0000000000000000,0.0000000000000000,0.0000000000000000,0.0000000000000000,0.0000000000000000,0.0000000000000000,0.0000000000000000,0.0000000000000000,0.0000000000000000,0.0000000000000000,0.0000000000000000,0.0000000000000000,0.0000000000000000,0.0000000000000000,0.0000000000000000,0.0000000000000000,0.0000000000000000,0.0000000000000000,0.0000000000000000,0.0000000000000000,0.0000000000000000,0.0000000000000000,0.0000000000000000,0.0000000000000000,0.0000000000000000,0.0000000000000000,0.0000000000000000,0.0000000000000000,0.0000000000000000,0.0000000000000000,0.0000000000000000,0.0000000000000000,0.0000000000000000
V,0.0000000000000000,0.0000000000000000,0.0000000000000000,0.0000000000000000,0.0000000000000000,0.0000000000000000,0.0000000000000000,0.0000000000000000,0.0000000000000000,0.0000000000000000,0.0000000000000000,0.0000000000000000,0.0000000000000000,0.0000000000000000,0.0000000000000000,0.0000000000000000,0.0000000000000000,0.0000000000000000,0.0000000000000000,0.0000000000000000,0.0000000000000000,0.0000000000000000,0.0000000000000000,0.0000000000000000,0.0000000000000000,0.0000000000000000,0.0000000000000000,0.0000000000000000,0.0000000000000000,0.0000000000000000,0.0000000000000000,0.0000000000000000,0.0000000000000000,0.0000000000000000,0.0000000000000000,0.0000000000000000,0.0000000000000000,0.0000000000000000,0.0000000000000000,0.0000000000000000,0.0000000000000000,0.0000000000000000,0.0000000000000000,0.0000000000000000,0.1600000000000000,-0.0400000000000000,0.2200000000000000,-0.1200000000000000,0.1000000000000000,-0.1800000000000000,0.0000000000000000,-0.2200000000000000,0.1600000000000000,-0.4600000000000000,0.2200000000000000,-0.7000000000000000,0.2600000000000000,-0.8600000000000000,0.3000000000000000,-0.9800000000000000,0.0000000000000000,-0.4600000000000000,-0.1000000000000000,-0.7000000000000000,-0.1800000000000000,-0.8600000000000000,-0.2200000000000000,-1.0000000000000000,-0.1200000000000000,-0.3800000000000000,-0.1200000000000000,-0.3400000000000000,-0.0400000000000000,-0.2000000000000000,0.0200000000000000,-0.1200000000000000,-0.2200000000000000,-0.2800000000000000,-0.1800000000000000,-0.2200000000000000,-0.1200000000000000,-0.1200000000000000,-0.0600000000000000,-0.0600000000000000
V,0.0000000000000000,0.0000000000000000,0.0217391304347826,-0.2608695652173913,0.1521739130434783,-0.5434782608695652,0.2391304347826087,-0.7391304347826086,0.3043478260869565,-0.8913043478260869,0.3913043478260870,-0.5434782608695652,0.6086956521739131,-0.6956521739130435,0.6956521739130435,-0.8260869565217391,0.7391304347826086,-0.9782608695652174,0.4130434782608696,-0.4130434782608696,0.3913043478260870,-0.6521739130434783,0.2608695652173913,-0.8478260869565217,0.1739130434782609,-1.0000000000000000,0.4130434782608696,-0.2608695652173913,0.4130434782608696,-0.3913043478260870,0.3260869565217391,-0.3913043478260870,0.2608695652173913,-0.3695652173913043,0.3913043478260870,-0.0869565217391304,0.4130434782608696,-0.1956521739130435,0.3478260869565217,-0.2173913043478261,0.3043478260869565,-0.2173913043478261,0.0000000000000000,0.0000000000000000,0.0000000000000000,0.0000000000000000,0.0000000000000000,0.0000000000000000,0.0000000000000000,0.0000000000000000,0.0000000000000000,0.0000000000000000,0.0000000000000000,0.0000000000000000,0.0000000000000000,0.0000000000000000,0.0000000000000000,0.0000000000000000,0.0000000000000000,0.0000000000000000,0.0000000000000000,0.0000000000000000,0.0000000000000000,0.0000000000000000,0.0000000000000000,0.0000000000000000,0.0000000000000000,0.0000000000000000,0.0000000000000000,0.0000000000000000,0.0000000000000000,0.0000000000000000,0.0000000000000000,0.0000000000000000,0.0000000000000000,0.0000000000000000,0.0000000000000000,0.0000000000000000,0.0000000000000000,0.0000000000000000,0.0000000000000000,0.0000000000000000,0.0000000000000000,0.0000000000000000
V,0.0000000000000000,0.0000000000000000,0.0000000000000000,0.0000000000000000,0.0000000000000000,0.0000000000000000,0.0000000000000000,0.0000000000000000,0.0000000000000000,0.0000000000000000,0.0000000000000000,0.0000000000000000,0.0000000000000000,0.0000000000000000,0.0000000000000000,0.0000000000000000,0.0000000000000000,0.0000000000000000,0.0000000000000000,0.0000000000000000,0.0000000000000000,0.0000000000000000,0.0000000000000000,0.0000000000000000,0.0000000000000000,0.0000000000000000,0.0000000000000000,0.0000000000000000,0.0000000000000000,0.0000000000000000,0.0000000000000000,0.0000000000000000,0.0000000000000000,0.0000000000000000,0.0000000000000000,0.0000000000000000,0.0000000000000000,0.0000000000000000,0.0000000000000000,0.0000000000000000,0.0000000000000000,0.0000000000000000,0.0000000000000000,0.0000000000000000,0.2000000000000000,-0.1500000000000000,0.2500000000000000,-0.3166666666666667,0.2000000000000000,-0.4500000000000000,0.1500000000000000,-0.5166666666666667,0.1500000000000000,-0.5666666666666667,0.1833333333333333,-0.7833333333333333,0.1833333333333333,-0.9000000000000000,0.1666666666666667,-1.0000000000000000,0.0166666666666667,-0.5333333333333333,-0.1166666666666667,-0.7166666666666667,-0.2166666666666667,-0.8333333333333334,-0.3000000000000000,-0.9166666666666666,-0.1000000000000000,-0.4666666666666667,-0.1666666666666667,-0.5000000000000000,-0.1166666666666667,-0.4333333333333333,-0.0666666666666667,-0.3666666666666666,-0.1833333333333333,-0.3666666666666666,-0.2333333333333333,-0.4000000000000000,-0.2000000000000000,-0.3500000000000000,-0.1500000000000000,-0.2833333333333333
V,0.0000000000000000,0.0000000000000000,0.0000000000000000,0.0000000000000000,0.0000000000000000,0.0000000000000000,0.0000000000000000,0.0000000000000000,0.0000000000000000,0.0000000000000000,0.0000000000000000,0.0000000000000000,0.0000000000000000,0.0000000000000000,0.0000000000000000,0.0000000000000000,0.0000000000000000,0.0000000000000000,0.0000000000000000,0.0000000000000000,0.0000000000000000,0.0000000000000000,0.0000000000000000,0.0000000000000000,0.0000000000000000,0.0000000000000000,0.0000000000000000,0.0000000000000000,0.0000000000000000,0.0000000000000000,0.0000000000000000,0.0000000000000000,0.0000000000000000,0.0000000000000000,0.0000000000000000,0.0000000000000000,0.0000000000000000,0.0000000000000000,0.0000000000000000,0.0000000000000000,0.0000000000000000,0.0000000000000000,0.0000000000000000,0.0000000000000000,0.2444444444444444,-0.0888888888888889,0.4000000000000000,-0.2444444444444444,0.4000000000000000,-0.3777777777777778,0.2444444444444444,-0.4000000000000000,0.2666666666666667,-0.5333333333333333,0.3555555555555556,-0.7555555555555555,0.4222222222222222,-0.8888888888888888,0.4666666666666667,-1.0000000000000000,0.0888888888888889,-0.5333333333333333,0.0222222222222222,-0.7333333333333333,-0.0222222222222222,-0.8222222222222222,-0.0666666666666667,-0.9111111111111111,-0.0666666666666667,-0.4888888888888889,-0.0222222222222222,-0.5333333333333333,0.1111111111111111,-0.4222222222222222,0.2000000000000000,-0.3333333333333333,-0.2000000000000000,-0.3777777777777778,-0.1555555555555556,-0.4444444444444444,-0.0444444444444444,-0.4000000000000000,0.0666666666666667,-0.3333333333333333
V,0.0000000000000000,0.0000000000000000,-0.1000000000000000,-0.1600000000000000,-0.1400000000000000,-0.3400000000000000,-0.1600000000000000,-0.5000000000000000,-0.2200000000000000,-0.6000000000000000,0.0400000000000000,-0.5200000000000000,0.1200000000000000,-0.7400000000000000,0.1600000000000000,-0.8800000000000000,0.2000000000000000,-1.0000000000000000,0.1000000000000000,-0.5000000000000000,0.1600000000000000,-0.7000000000000000,0.2000000000000000,-0.8600000000000000,0.2000000000000000,-0.9800000000000000,0.1600000000000000,-0.4400000000000000,0.1000000000000000,-0.5400000000000000,0.0400000000000000,-0.4600000000000000,0.0000000000000000,-0.3800000000000000,0.2000000000000000,-0.3600000000000000,0.1200000000000000,-0.4400000000000000,0.0600000000000000,-0.4000000000000000,0.0200000000000000,-0.3200000000000000,0.0000000000000000,0.0000000000000000,0.0000000000000000,0.0000000000000000,0.0000000000000000,0.0000000000000000,0.0000000000000000,0.0000000000000000,0.0000000000000000,0.0000000000000000,0.0000000000000000,0.0000000000000000,0.0000000000000000,0.0000000000000000,0.0000000000000000,0.0000000000000000,0.0000000000000000,0.0000000000000000,0.0000000000000000,0.0000000000000000,0.0000000000000000,0.0000000000000000,0.0000000000000000,0.0000000000000000,0.0000000000000000,0.0000000000000000,0.0000000000000000,0.0000000000000000,0.0000000000000000,0.0000000000000000,0.0000000000000000,0.0000000000000000,0.0000000000000000,0.0000000000000000,0.0000000000000000,0.0000000000000000,0.0000000000000000,0.0000000000000000,0.0000000000000000,0.0000000000000000,0.0000000000000000,0.0000000000000000
V,0.0000000000000000,0.0000000000000000,0.0000000000000000,0.0000000000000000,0.0000000000000000,0.0000000000000000,0.0000000000000000,0.0000000000000000,0.0000000000000000,0.0000000000000000,0.0000000000000000,0.0000000000000000,0.0000000000000000,0.0000000000000000,0.0000000000000000,0.0000000000000000,0.0000000000000000,0.0000000000000000,0.0000000000000000,0.0000000000000000,0.0000000000000000,0.0000000000000000,0.0000000000000000,0.0000000000000000,0.0000000000000000,0.0000000000000000,0.0000000000000000,0.0000000000000000,0.0000000000000000,0.0000000000000000,0.0000000000000000,0.0000000000000000,0.0000000000000000,0.0000000000000000,0.0000000000000000,0.0000000000000000,0.0000000000000000,0.0000000000000000,0.0000000000000000,0.0000000000000000,0.0000000000000000,0.0000000000000000,0.0000000000000000,0.0000000000000000,0.2233009708737864,-0.0679611650485437,0.3689320388349515,-0.2038834951456311,0.3495145631067961,-0.3300970873786408,0.1941747572815534,-0.3689320388349515,0.2330097087378641,-0.4951456310679612,0.3009708737864077,-0.6699029126213593,0.3398058252427185,-0.7669902912621359,0.3786407766990291,-0.8640776699029126,0.0873786407766990,-0.5048543689320388,0.0776699029126214,-0.7572815533980582,0.0970873786407767,-0.8932038834951457,0.1262135922330097,-1.0000000000000000,-0.0582524271844660,-0.4563106796116505,-0.0194174757281553,-0.5922330097087378,0.0970873786407767,-0.4951456310679612,0.1844660194174757,-0.3883495145631068,-0.1941747572815534,-0.3592233009708738,-0.1262135922330097,-0.4660194174757282,-0.0097087378640777,-0.4077669902912621,0.0776699029126214,-0.3300970873786408
V,0.0000000000000000,0.0000000000000000,-0.1313131313131313,-0.1515151515151515,-0.2020202020202020,-0.4040404040404040,-0.2121212121212121,-0.5959595959595959,-0.2424242424242424,-0.7171717171717171,-0.0707070707070707,-0.5555555555555556,-0.0202020202020202,-0.7878787878787878,-0.0101010101010101,-0.8989898989898990,-0.0202020202020202,-1.0000000000000000,0.0000000000000000,-0.5252525252525253,-0.1212121212121212,-0.7373737373737373,-0.2222222222222222,-0.8484848484848485,-0.3131313131313131,-0.9292929292929293,0.0808080808080808,-0.4444444444444444,-0.0101010101010101,-0.5454545454545454,-0.0101010101010101,-0.4747474747474748,0.0000000000000000,-0.4343434343434344,0.1717171717171717,-0.3232323232323233,0.1212121212121212,-0.4141414141414141,0.0909090909090909,-0.3838383838383838,0.0707070707070707,-0.3636363636363636,0.0000000000000000,0.0000000000000000,0.0000000000000000,0.0000000000000000,0.0000000000000000,0.0000000000000000,0.0000000000000000,0.0000000000000000,0.0000000000000000,0.0000000000000000,0.0000000000000000,0.0000000000000000,0.0000000000000000,0.0000000000000000,0.0000000000000000,0.0000000000000000,0.0000000000000000,0.0000000000000000,0.0000000000000000,0.0000000000000000,0.0000000000000000,0.0000000000000000,0.0000000000000000,0.0000000000000000,0.0000000000000000,0.0000000000000000,0.0000000000000000,0.0000000000000000,0.0000000000000000,0.0000000000000000,0.0000000000000000,0.0000000000000000,0.0000000000000000,0.0000000000000000,0.0000000000000000,0.0000000000000000,0.0000000000000000,0.0000000000000000,0.0000000000000000,0.0000000000000000,0.0000000000000000,0.0000000000000000
V,0.0000000000000000,0.0000000000000000,0.0000000000000000,0.0000000000000000,0.0000000000000000,0.0000000000000000,0.0000000000000000,0.0000000000000000,0.0000000000000000,0.0000000000000000,0.0000000000000000,0.0000000000000000,0.0000000000000000,0.0000000000000000,0.0000000000000000,0.0000000000000000,0.0000000000000000,0.0000000000000000,0.0000000000000000,0.0000000000000000,0.0000000000000000,0.0000000000000000,0.0000000000000000,0.0000000000000000,0.0000000000000000,0.0000000000000000,0.0000000000000000,0.0000000000000000,0.0000000000000000,0.0000000000000000,0.0000000000000000,0.0000000000000000,0.0000000000000000,0.0000000000000000,0.0000000000000000,0.0000000000000000,0.0000000000000000,0.0000000000000000,0.0000000000000000,0.0000000000000000,0.0000000000000000,0.0000000000000000,0.0000000000000000,0.0000000000000000,0.2413793103448276,-0.0517241379310345,0.4482758620689655,-0.1379310344827586,0.4827586206896552,-0.2758620689655172,0.3620689655172414,-0.3620689655172414,0.3448275862068966,-0.4827586206896552,0.4655172413793103,-0.6379310344827587,0.5517241379310345,-0.7413793103448276,0.6206896551724138,-0.8103448275862069,0.1724137931034483,-0.5344827586206896,0.2068965517241379,-0.7931034482758621,0.2758620689655172,-0.9137931034482759,0.3103448275862069,-1.0000000000000000,0.0000000000000000,-0.5172413793103449,0.0689655172413793,-0.6551724137931034,0.1896551724137931,-0.5689655172413793,0.2586206896551724,-0.4655172413793103,-0.1724137931034483,-0.4482758620689655,-0.0517241379310345,-0.5517241379310345,0.0517241379310345,-0.4827586206896552,0.1379310344827586,-0.3793103448275862
V,0.0000000000000000,0.0000000000000000,0.0000000000000000,0.0000000000000000,0.0000000000000000,0.0000000000000000,0.0000000000000000,0.0000000000000000,0.0000000000000000,0.0000000000000000,0.0000000000000000,0.0000000000000000,0.0000000000000000,0.0000000000000000,0.0000000000000000,0.0000000000000000,0.0000000000000000,0.0000000000000000,0.0000000000000000,0.0000000000000000,0.0000000000000000,0.0000000000000000,0.0000000000000000,0.0000000000000000,0.0000000000000000,0.0000000000000000,0.0000000000000000,0.0000000000000000,0.0000000000000000,0.0000000000000000,0.0000000000000000,0.0000000000000000,0.0000000000000000,0.0000000000000000,0.0000000000000000,0.0000000000000000,0.0000000000000000,0.0000000000000000,0.0000000000000000,0.0000000000000000,0.0000000000000000,0.0000000000000000,0.0000000000000000,0.0000000000000000,0.1632653061224490,-0.0408163265306122,0.2244897959183673,-0.1020408163265306,0.2040816326530612,-0.1428571428571428,0.1428571428571428,-0.1428571428571428,0.1632653061224490,-0.4489795918367347,0.2040816326530612,-0.6938775510204082,0.2244897959183673,-0.8571428571428571,0.2244897959183673,-1.0000000000000000,0.0408163265306122,-0.4489795918367347,0.0612244897959184,-0.6938775510204082,0.0816326530612245,-0.8571428571428571,0.0816326530612245,-1.0000000000000000,-0.0612244897959184,-0.3673469387755102,-0.0612244897959184,-0.3673469387755102,-0.0612244897959184,-0.3469387755102041,-0.0612244897959184,-0.3265306122448979,-0.1428571428571428,-0.2653061224489796,-0.0816326530612245,-0.1836734693877551,-0.0204081632653061,-0.0816326530612245,0.0612244897959184,0.0000000000000000
V,0.0000000000000000,0.0000000000000000,0.0000000000000000,0.0000000000000000,0.0000000000000000,0.0000000000000000,0.0000000000000000,0.0000000000000000,0.0000000000000000,0.0000000000000000,0.0000000000000000,0.0000000000000000,0.0000000000000000,0.0000000000000000,0.0000000000000000,0.0000000000000000,0.0000000000000000,0.0000000000000000,0.0000000000000000,0.0000000000000000,0.0000000000000000,0.0000000000000000,0.0000000000000000,0.0000000000000000,0.0000000000000000,0.0000000000000000,0.0000000000000000,0.0000000000000000,0.0000000000000000,0.0000000000000000,0.0000000000000000,0.0000000000000000,0.0000000000000000,0.0000000000000000,0.0000000000000000,0.0000000000000000,0.0000000000000000,0.0000000000000000,0.0000000000000000,0.0000000000000000,0.0000000000000000,0.0000000000000000,0.0000000000000000,0.0000000000000000,-0.1176470588235294,-0.1176470588235294,-0.1176470588235294,-0.1764705882352941,0.0000000000000000,-0.1176470588235294,0.1764705882352941,-0.1176470588235294,-0.7647058823529411,0.2352941176470588,-0.4117647058823529,0.2941176470588235,0.0000000000000000,0.3529411764705883,0.2941176470588235,0.4117647058823529,-0.5882352941176471,0.5882352941176471,0.0000000000000000,0.5294117647058824,0.3529411764705883,0.4705882352941176,0.4705882352941176,0.4117647058823529,-0.2941176470588235,0.8235294117647058,0.4117647058823529,0.6470588235294118,0.5882352941176471,0.4705882352941176,0.5882352941176471,0.4117647058823529,0.0588235294117647,1.0000000000000000,0.5882352941176471,0.7647058823529411,0.7058823529411765,0.5294117647058824,0.7058823529411765,0.4117647058823529
V,0.0000000000000000,0.0000000000000000,0.0000000000000000,0.0000000000000000,0.0000000000000000,0.0000000000000000,0.0000000000000000,0.0000000000000000,0.0000000000000000,0.0000000000000000,0.0000000000000000,0.0000000000000000,0.0000000000000000,0.0000000000000000,0.0000000000000000,0.0000000000000000,0.0000000000000000,0.0000000000000000,0.0000000000000000,0.0000000000000000,0.0000000000000000,0.0000000000000000,0.0000000000000000,0.0000000000000000,0.0000000000000000,0.0000000000000000,0.0000000000000000,0.0000000000000000,0.0000000000000000,0.0000000000000000,0.0000000000000000,0.0000000000000000,0.0000000000000000,0.0000000000000000,0.0000000000000000,0.0000000000000000,0.0000000000000000,0.0000000000000000,0.0000000000000000,0.0000000000000000,0.0000000000000000,0.0000000000000000,0.0000000000000000,0.0000000000000000,0.2857142857142857,-0.1785714285714286,0.4642857142857143,-0.4642857142857143,0.5000000000000000,-0.7142857142857143,0.4285714285714285,-0.8571428571428571,0.2857142857142857,-0.7500000000000000,0.3214285714285715,-1.0000000000000000,0.3571428571428572,-0.9285714285714286,0.3214285714285715,-0.8214285714285714,0.1071428571428571,-0.7500000000000000,0.1785714285714286,-0.9642857142857143,0.2142857142857143,-0.8928571428571429,0.2142857142857143,-0.7857142857142857,-0.0357142857142857,-0.7142857142857143,0.0714285714285714,-0.9285714285714286,0.1071428571428571,-0.8571428571428571,0.1071428571428571,-0.7500000000000000,-0.1785714285714286,-0.6785714285714286,-0.0714285714285714,-0.8571428571428571,-0.0357142857142857,-0.8214285714285714,-0.0357142857142857,-0.7500000000000000
V,0.0000000000000000,0.0000000000000000,0.0000000000000000,0.0000000000000000,0.0000000000000000,0.0000000000000000,0.0000000000000000,0.0000000000000000,0.0000000000000000,0.0000000000000000,0.0000000000000000,0.0000000000000000,0.0000000000000000,0.0000000000000000,0.0000000000000000,0.0000000000000000,0.0000000000000000,0.0000000000000000,0.0000000000000000,0.0000000000000000,0.0000000000000000,0.0000000000000000,0.0000000000000000,0.0000000000000000,0.0000000000000000,0.0000000000000000,0.0000000000000000,0.0000000000000000,0.0000000000000000,0.0000000000000000,0.0000000000000000,0.0000000000000000,0.0000000000000000,0.0000000000000000,0.0000000000000000,0.0000000000000000,0.0000000000000000,0.0000000000000000,0.0000000000000000,0.0000000000000000,0.0000000000000000,0.0000000000000000,0.0000000000000000,0.0000000000000000,0.1730769230769231,0.0000000000000000,0.2884615384615384,-0.1153846153846154,0.2884615384615384,-0.2500000000000000,0.2500000000000000,-0.3461538461538461,0.3461538461538461,-0.4615384615384616,0.4615384615384616,-0.6346153846153846,0.5576923076923077,-0.7692307692307693,0.6153846153846154,-0.8653846153846154,0.2307692307692308,-0.5000000000000000,0.2307692307692308,-0.7307692307692307,0.2500000000000000,-0.8846153846153846,0.2500000000000000,-1.0000000000000000,0.0961538461538462,-0.4807692307692308,0.1346153846153846,-0.5576923076923077,0.1538461538461539,-0.4423076923076923,0.1538461538461539,-0.3269230769230769,0.0000000000000000,-0.4230769230769231,0.0384615384615385,-0.4807692307692308,0.0769230769230769,-0.3846153846153846,0.0961538461538462,-0.3076923076923077
V,0.0000000000000000,0.0000000000000000,0.0000000000000000,0.0000000000000000,0.0000000000000000,0.0000000000000000,0.0000000000000000,0.0000000000000000,0.0000000000000000,0.0000000000000000,0.0000000000000000,0.0000000000000000,0.0000000000000000,0.0000000000000000,0.0000000000000000,0.0000000000000000,0.0000000000000000,0.0000000000000000,0.0000000000000000,0.0000000000000000,0.0000000000000000,0.0000000000000000,0.0000000000000000,0.0000000000000000,0.0000000000000000,0.0000000000000000,0.0000000000000000,0.0000000000000000,0.0000000000000000,0.0000000000000000,0.0000000000000000,0.0000000000000000,0.0000000000000000,0.0000000000000000,0.0000000000000000,0.0000000000000000,0.0000000000000000,0.0000000000000000,0.0000000000000000,0.0000000000000000,0.0000000000000000,0.0000000000000000,0.0000000000000000,0.0000000000000000,0.1379310344827586,-0.0517241379310345,0.2241379310344828,-0.1724137931034483,0.1896551724137931,-0.2758620689655172,0.1206896551724138,-0.3620689655172414,0.2241379310344828,-0.4827586206896552,0.3448275862068966,-0.6551724137931034,0.3965517241379310,-0.7758620689655172,0.4310344827586207,-0.8793103448275862,0.1034482758620690,-0.5000000000000000,0.0862068965517241,-0.7413793103448276,0.0862068965517241,-0.8965517241379310,0.0862068965517241,-1.0000000000000000,-0.0172413793103448,-0.4482758620689655,-0.0344827586206897,-0.5517241379310345,0.0000000000000000,-0.4655172413793103,0.0172413793103448,-0.3793103448275862,-0.1206896551724138,-0.3793103448275862,-0.1206896551724138,-0.4482758620689655,-0.0862068965517241,-0.3793103448275862,-0.0517241379310345,-0.2931034482758620
V,0.0000000000000000,0.0000000000000000,0.0000000000000000,0.0000000000000000,0.0000000000000000,0.0000000000000000,0.0000000000000000,0.0000000000000000,0.0000000000000000,0.0000000000000000,0.0000000000000000,0.0000000000000000,0.0000000000000000,0.0000000000000000,0.0000000000000000,0.0000000000000000,0.0000000000000000,0.0000000000000000,0.0000000000000000,0.0000000000000000,0.0000000000000000,0.0000000000000000,0.0000000000000000,0.0000000000000000,0.0000000000000000,0.0000000000000000,0.0000000000000000,0.0000000000000000,0.0000000000000000,0.0000000000000000,0.0000000000000000,0.0000000000000000,0.0000000000000000,0.0000000000000000,0.0000000000000000,0.0000000000000000,0.0000000000000000,0.0000000000000000,0.0000000000000000,0.0000000000000000,0.0000000000000000,0.0000000000000000,0.0000000000000000,0.0000000000000000,0.1016949152542373,-0.1186440677966102,0.1186440677966102,-0.2711864406779661,0.0677966101694915,-0.3559322033898305,-0.0169491525423729,-0.4067796610169492,-0.0338983050847458,-0.5593220338983050,-0.0338983050847458,-0.7627118644067796,-0.0338983050847458,-0.8983050847457628,-0.0508474576271186,-1.0000000000000000,-0.1525423728813559,-0.5254237288135594,-0.2711864406779661,-0.7118644067796610,-0.3559322033898305,-0.8474576271186440,-0.4237288135593220,-0.9491525423728814,-0.2372881355932203,-0.4237288135593220,-0.3050847457627119,-0.5084745762711864,-0.2372881355932203,-0.4406779661016949,-0.1694915254237288,-0.3559322033898305,-0.2881355932203390,-0.2881355932203390,-0.3050847457627119,-0.3559322033898305,-0.2372881355932203,-0.3050847457627119,-0.1694915254237288,-0.2542372881355932
W,1.0000000000000000,0.1595744680851064,0.9361702127659575,-0.1808510638297872,0.7021276595744681,-0.4574468085106383,0.4680851063829787,-0.6276595744680851,0.3191489361702128,-0.7978723404255319,0.4042553191489361,-0.3297872340425532,0.0425531914893617,-0.4787234042553192,-0.1702127659574468,-0.5638297872340425,-0.3829787234042553,-0.6276595744680851,0.3404255319148936,-0.1170212765957447,-0.0425531914893617,-0.2234042553191489,-0.3404255319148936,-0.2659574468085106,-0.5744680851063830,-0.2872340425531915,0.3404255319148936,0.1170212765957447,-0.0212765957446809,0.1170212765957447,-0.2978723404255319,0.1170212765957447,-0.5319148936170213,0.1382978723404255,0.3829787234042553,0.3510638297872340,0.1063829787234043,0.3936170212765958,-0.0851063829787234,0.4148936170212766,-0.2765957446808511,0.4361702127659575,-1.0000000000000000,-0.1595744680851064,-0.8297872340425532,-0.4574468085106383,-0.5319148936170213,-0.6489361702127660,-0.2978723404255319,-0.7553191489361702,-0.1063829787234043,-0.8829787234042553,-0.4468085106382979,-0.4361702127659575,-0.0212765957446809,-0.4361702127659575,0.2340425531914894,-0.3936170212765958,0.4255319148936170,-0.3510638297872340,-0.4680851063829787,-0.1595744680851064,-0.0212765957446809,-0.0744680851063830,0.2553191489361702,0.0106382978723404,0.5106382978723404,0.0957446808510638,-0.5319148936170213,0.0531914893617021,-0.1276595744680851,0.2021276595744681,0.1489361702127660,0.3297872340425532,0.3617021276595745,0.4361702127659575,-0.5744680851063830,0.2446808510638298,-0.2765957446808511,0.3936170212765958,-0.0851063829787234,0.5000000000000000,0.0851063829787234,0.5851063829787234
W,1.0000000000000000,0.0000000000000000,0.8275862068965517,-0.2413793103448276,0.5862068965517241,-0.5172413793103449,0.4482758620689655,-0.7586206896551724,0.3793103448275862,-0.9310344827586207,0.4482758620689655,-0.4827586206896552,0.0689655172413793,-0.5172413793103449,-0.2068965517241379,-0.5172413793103449,-0.4137931034482759,-0.5172413793103449,0.4482758620689655,-0.3448275862068966,0.0689655172413793,-0.3793103448275862,-0.2413793103448276,-0.4137931034482759,-0.4482758620689655,-0.4137931034482759,0.4827586206896552,-0.1724137931034483,0.1034482758620690,-0.2068965517241379,-0.1034482758620690,-0.2068965517241379,-0.3103448275862069,-0.2068965517241379,0.5172413793103449,0.0344827586206897,0.2758620689655172,0.0344827586206897,0.1034482758620690,0.0344827586206897,0.0000000000000000,0.0000000000000000,-1.0000000000000000,0.0000000000000000,-0.9310344827586207,-0.2068965517241379,-0.7241379310344828,-0.3793103448275862,-0.5172413793103449,-0.4482758620689655,-0.3448275862068966,-0.5172413793103449,-0.5172413793103449,-0.1379310344827586,-0.2413793103448276,-0.1379310344827586,-0.1034482758620690,-0.1379310344827586,0.0000000000000000,-0.1034482758620690,-0.4827586206896552,0.0344827586206897,-0.2413793103448276,0.0344827586206897,-0.1034482758620690,0.0344827586206897,0.0000000000000000,0.0689655172413793,-0.4827586206896552,0.1379310344827586,-0.2413793103448276,0.1724137931034483,-0.1034482758620690,0.2068965517241379,-0.0344827586206897,0.2413793103448276,-0.4827586206896552,0.2068965517241379,-0.2758620689655172,0.2758620689655172,-0.1724137931034483,0.3103448275862069,-0.1034482758620690,0.3793103448275862
W,0.6829268292682927,-0.0894308943089431,0.6178861788617886,-0.2032520325203252,0.4552845528455284,-0.3170731707317073,0.3252032520325203,-0.3658536585365854,0.2276422764227642,-0.3983739837398374,0.4065040650406504,-0.3008130081300813,0.2601626016260163,-0.3821138211382114,0.1463414634146341,-0.4471544715447154,0.0813008130081301,-0.4796747967479675,0.3902439024390244,-0.2357723577235772,0.2276422764227642,-0.3008130081300813,0.1300813008130081,-0.3495934959349594,0.0325203252032520,-0.3983739837398374,0.3739837398373984,-0.1382113821138211,0.2276422764227642,-0.1869918699186992,0.1300813008130081,-0.2032520325203252,0.0325203252032520,-0.2357723577235772,0.3739837398373984,-0.0243902439024390,0.2439024390243902,-0.0243902439024390,0.1626016260162602,-0.0406504065040650,0.1138211382113821,-0.0406504065040650,-0.6829268292682927,0.0894308943089431,-0.6666666666666666,-0.1707317073170732,-0.5365853658536586,-0.3658536585365854,-0.4065040650406504,-0.4634146341463415,-0.3252032520325203,-0.5284552845528455,-0.3739837398373984,-0.4308943089430894,-0.2113821138211382,-0.6747967479674797,-0.0975609756097561,-0.8536585365853658,-0.0162601626016260,-0.9837398373983740,-0.2926829268292683,-0.3821138211382114,-0.1626016260162602,-0.6422764227642277,-0.0487804878048781,-0.8536585365853658,0.0162601626016260,-1.0000000000000000,-0.2439024390243902,-0.3008130081300813,-0.1300813008130081,-0.4959349593495935,-0.1138211382113821,-0.6260162601626016,-0.1138211382113821,-0.7398373983739838,-0.2113821138211382,-0.1869918699186992,-0.1138211382113821,-0.3333333333333333,-0.0650406504065041,-0.4146341463414634,-0.0650406504065041,-0.4634146341463415
W,0.6170212765957447,0.0638297872340425,0.5319148936170213,0.1914893617021277,0.4468085106382979,0.3191489361702128,0.3829787234042553,0.4255319148936170,0.2765957446808511,0.5744680851063830,0.4255319148936170,0.1276595744680851,0.4042553191489361,0.1276595744680851,0.4893617021276596,0.1489361702127660,0.5531914893617021,0.1914893617021277,0.4680851063829787,0.0000000000000000,0.6170212765957447,-0.0425531914893617,0.7446808510638298,-0.0638297872340425,0.8723404255319149,-0.0851063829787234,0.5744680851063830,-0.0851063829787234,0.7234042553191490,-0.1489361702127660,0.8723404255319149,-0.1702127659574468,1.0000000000000000,-0.1914893617021277,0.6595744680851063,-0.1276595744680851,0.7659574468085106,-0.1702127659574468,0.8723404255319149,-0.1914893617021277,0.9787234042553191,-0.2127659574468085,-0.6170212765957447,-0.0638297872340425,-0.3829787234042553,-0.3617021276595745,-0.0638297872340425,-0.5106382978723404,0.1914893617021277,-0.5319148936170213,0.3829787234042553,-0.5106382978723404,0.0425531914893617,-0.4468085106382979,0.4255319148936170,-0.5319148936170213,0.6808510638297872,-0.5531914893617021,0.8936170212765957,-0.5744680851063830,0.0638297872340425,-0.2978723404255319,0.4255319148936170,-0.3404255319148936,0.7446808510638298,-0.3404255319148936,1.0000000000000000,-0.3191489361702128,0.0638297872340425,-0.1489361702127660,0.4042553191489361,-0.1276595744680851,0.6808510638297872,-0.0638297872340425,0.8936170212765957,0.0000000000000000,0.0212765957446809,0.0000000000000000,0.2765957446808511,0.1063829787234043,0.4680851063829787,0.2127659574468085,0.6170212765957447,0.3191489361702128
W,0.6428571428571429,0.0857142857142857,0.5571428571428572,-0.2285714285714286,0.4142857142857143,-0.5142857142857142,0.3000000000000000,-0.7142857142857143,0.2142857142857143,-0.8285714285714286,0.3857142857142857,-0.5428571428571428,0.1857142857142857,-0.6857142857142857,0.1000000000000000,-0.6857142857142857,0.0428571428571429,-0.7142857142857143,0.3857142857142857,-0.4285714285714285,0.1285714285714286,-0.4857142857142857,0.0142857142857143,-0.4857142857142857,-0.0714285714285714,-0.4857142857142857,0.3571428571428572,-0.2571428571428571,0.1000000000000000,-0.2857142857142857,-0.0142857142857143,-0.2571428571428571,-0.1000000000000000,-0.2285714285714286,0.3285714285714286,-0.0857142857142857,0.1000000000000000,-0.0571428571428571,-0.0428571428571429,-0.0285714285714286,-0.1285714285714286,-0.0285714285714286,-0.6428571428571429,-0.0857142857142857,-0.5000000000000000,-0.2285714285714286,-0.2714285714285714,-0.3142857142857143,-0.0714285714285714,-0.2857142857142857,0.0714285714285714,-0.3142857142857143,-0.2142857142857143,-0.6000000000000000,-0.0428571428571429,-0.7714285714285715,0.1000000000000000,-0.9142857142857143,0.1857142857142857,-1.0000000000000000,-0.1857142857142857,-0.5714285714285714,-0.0142857142857143,-0.7428571428571429,0.1571428571428571,-0.8857142857142857,0.2714285714285714,-0.9714285714285714,-0.1857142857142857,-0.4571428571428571,0.0428571428571429,-0.5714285714285714,0.1857142857142857,-0.6571428571428571,0.3000000000000000,-0.6857142857142857,-0.1857142857142857,-0.2857142857142857,-0.0142857142857143,-0.2857142857142857,0.1000000000000000,-0.3142857142857143,0.1857142857142857,-0.3142857142857143
W,1.0000000000000000,0.0655737704918033,0.7704918032786885,-0.2950819672131147,0.5081967213114754,-0.5901639344262295,0.3442622950819672,-0.7868852459016393,0.2459016393442623,-0.9836065573770492,0.2786885245901639,-0.5245901639344263,-0.0819672131147541,-0.5901639344262295,-0.3114754098360656,-0.6229508196721312,-0.5081967213114754,-0.6557377049180327,0.3114754098360656,-0.3934426229508197,-0.1475409836065574,-0.3606557377049180,-0.4426229508196721,-0.3606557377049180,-0.7049180327868853,-0.3278688524590164,0.3770491803278688,-0.2295081967213115,-0.0819672131147541,-0.2295081967213115,-0.3442622950819672,-0.2295081967213115,-0.5737704918032787,-0.2295081967213115,0.4754098360655737,-0.0327868852459016,0.2459016393442623,-0.0327868852459016,0.0819672131147541,-0.0327868852459016,-0.1147540983606557,-0.0327868852459016,-1.0000000000000000,-0.0655737704918033,-0.8688524590163934,-0.2950819672131147,-0.6065573770491803,-0.4590163934426230,-0.4098360655737705,-0.5901639344262295,-0.2786885245901639,-0.7213114754098361,-0.3114754098360656,-0.4590163934426230,0.0491803278688525,-0.5573770491803278,0.2786885245901639,-0.5901639344262295,0.4754098360655737,-0.5901639344262295,-0.2786885245901639,-0.2950819672131147,0.0819672131147541,-0.2950819672131147,0.3114754098360656,-0.2622950819672131,0.5081967213114754,-0.2295081967213115,-0.2786885245901639,-0.1311475409836066,0.0163934426229508,-0.0655737704918033,0.2459016393442623,-0.0327868852459016,0.3770491803278688,0.0000000000000000,-0.3442622950819672,0.0327868852459016,-0.1475409836065574,0.1967213114754098,-0.0163934426229508,0.2950819672131147,0.0819672131147541,0.3934426229508197
W,1.0000000000000000,-0.0535714285714286,0.7142857142857143,-0.2678571428571428,0.4285714285714285,-0.4821428571428572,0.2500000000000000,-0.7321428571428571,0.1428571428571428,-0.9107142857142857,0.2142857142857143,-0.4107142857142857,-0.1785714285714286,-0.4464285714285715,-0.4285714285714285,-0.4107142857142857,-0.6428571428571429,-0.3750000000000000,0.2500000000000000,-0.3392857142857143,-0.2142857142857143,-0.3392857142857143,-0.4642857142857143,-0.3392857142857143,-0.6785714285714286,-0.3035714285714285,0.3214285714285715,-0.1964285714285714,-0.0714285714285714,-0.2321428571428572,-0.3214285714285715,-0.1964285714285714,-0.5000000000000000,-0.1607142857142857,0.4642857142857143,-0.0178571428571429,0.2142857142857143,-0.0178571428571429,0.0714285714285714,0.0178571428571429,-0.1071428571428571,0.0178571428571429,-1.0000000000000000,0.0535714285714286,-0.8571428571428571,-0.2321428571428572,-0.6428571428571429,-0.4464285714285715,-0.4642857142857143,-0.6250000000000000,-0.3928571428571428,-0.8035714285714286,-0.3571428571428572,-0.3750000000000000,0.0000000000000000,-0.5178571428571429,0.2142857142857143,-0.5892857142857143,0.3928571428571428,-0.6250000000000000,-0.3214285714285715,-0.1964285714285714,0.0714285714285714,-0.3035714285714285,0.3214285714285715,-0.3392857142857143,0.5000000000000000,-0.3392857142857143,-0.3214285714285715,-0.0178571428571429,0.0357142857142857,-0.0178571428571429,0.2500000000000000,-0.0178571428571429,0.3928571428571428,0.0178571428571429,-0.3571428571428572,0.1250000000000000,-0.1428571428571428,0.2321428571428572,0.0357142857142857,0.2678571428571428,0.1428571428571428,0.3392857142857143
X,1.0000000000000000,-0.0980392156862745,0.7647058823529411,-0.0588235294117647,0.5098039215686274,0.0000000000000000,0.3529411764705883,0.1764705882352941,0.2549019607843137,0.2941176470588235,0.3137254901960784,-0.2745098039215687,0.0392156862745098,-0.3529411764705883,-0.1176470588235294,-0.4313725490196079,-0.2549019607843137,-0.5294117647058824,0.4117647058823529,-0.2549019607843137,0.1764705882352941,0.0588235294117647,0.2941176470588235,0.1372549019607843,0.4117647058823529,0.0980392156862745,0.5294117647058824,-0.1568627450980392,0.3529411764705883,0.1960784313725490,0.4901960784313725,0.2352941176470588,0.5686274509803921,0.1372549019607843,0.6666666666666666,-0.0392156862745098,0.5490196078431373,0.2549019607843137,0.6470588235294118,0.2745098039215687,0.7254901960784313,0.1960784313725490,-1.0000000000000000,0.0980392156862745,-0.7450980392156863,0.0392156862745098,-0.4313725490196079,0.0784313725490196,-0.2352941176470588,0.2156862745098039,-0.1764705882352941,0.3137254901960784,-0.4705882352941176,-0.2156862745098039,-0.2156862745098039,-0.3725490196078431,-0.0784313725490196,-0.4901960784313725,0.0196078431372549,-0.6470588235294118,-0.5294117647058824,-0.1372549019607843,-0.1764705882352941,0.0392156862745098,-0.2941176470588235,0.1372549019607843,-0.4313725490196079,0.1372549019607843,-0.6274509803921569,0.0196078431372549,-0.2941176470588235,0.2745098039215687,-0.4117647058823529,0.3137254901960784,-0.5490196078431373,0.2549019607843137,-0.7254901960784313,0.1960784313725490,-0.4901960784313725,0.4117647058823529,-0.5882352941176471,0.4117647058823529,-0.6862745098039216,0.3333333333333333
X,1.0000000000000000,0.1734693877551020,0.7755102040816326,0.0510204081632653,0.5102040816326531,-0.0102040816326531,0.3061224489795918,0.0918367346938776,0.1632653061224490,0.2142857142857143,0.4081632653061225,-0.3163265306122449,0.1632653061224490,-0.5000000000000000,0.0204081632653061,-0.6632653061224489,-0.0816326530612245,-0.8265306122448980,0.5306122448979592,-0.2551020408163265,0.1632653061224490,0.0102040816326531,0.2244897959183673,0.1326530612244898,0.3469387755102041,0.1530612244897959,0.6530612244897959,-0.1122448979591837,0.3265306122448979,0.2142857142857143,0.4285714285714285,0.2755102040816326,0.5510204081632653,0.2346938775510204,0.7755102040816326,0.0714285714285714,0.5102040816326531,0.3163265306122449,0.5714285714285714,0.3571428571428572,0.6734693877551020,0.3163265306122449,-1.0000000000000000,-0.1734693877551020,-0.6938775510204082,-0.2142857142857143,-0.3877551020408163,-0.1326530612244898,-0.2244897959183673,0.0510204081632653,-0.1632653061224490,0.1530612244897959,-0.3265306122448979,-0.4591836734693878,-0.0204081632653061,-0.5612244897959183,0.1836734693877551,-0.6632653061224489,0.3469387755102041,-0.8061224489795918,-0.4489795918367347,-0.3979591836734694,-0.1020408163265306,-0.0918367346938776,-0.2448979591836735,-0.0510204081632653,-0.3877551020408163,-0.1530612244897959,-0.6122448979591837,-0.2755102040816326,-0.3061224489795918,0.0714285714285714,-0.4081632653061225,0.0714285714285714,-0.5306122448979592,-0.0102040816326531,-0.7755102040816326,-0.0918367346938776,-0.5102040816326531,0.1938775510204082,-0.5918367346938775,0.1530612244897959,-0.6938775510204082,0.0510204081632653
X,1.0000000000000000,0.2297297297297297,0.8378378378378378,-0.0135135135135135,0.5675675675675675,-0.1756756756756757,0.3513513513513514,-0.2027027027027027,0.1891891891891892,-0.0945945945945946,0.4864864864864865,-0.3918918918918919,0.2432432432432433,-0.5540540540540541,0.0810810810810811,-0.7432432432432432,-0.0540540540540541,-0.9054054054054054,0.5135135135135135,-0.2837837837837838,0.1351351351351351,-0.0675675675675676,0.1891891891891892,0.0675675675675676,0.2702702702702703,0.0945945945945946,0.5405405405405406,-0.0945945945945946,0.2162162162162162,0.1486486486486487,0.2972972972972973,0.2027027027027027,0.4324324324324325,0.1756756756756757,0.5675675675675675,0.1216216216216216,0.2972972972972973,0.3108108108108108,0.3783783783783784,0.3648648648648649,0.4864864864864865,0.3108108108108108,-1.0000000000000000,-0.2297297297297297,-0.7297297297297297,-0.2837837837837838,-0.4054054054054054,-0.2567567567567567,-0.1891891891891892,-0.1216216216216216,-0.0540540540540541,-0.0405405405405405,-0.2432432432432433,-0.6351351351351351,0.1081081081081081,-0.7162162162162162,0.3243243243243243,-0.7972972972972973,0.4864864864864865,-0.9054054054054054,-0.3243243243243243,-0.5810810810810810,0.0000000000000000,-0.1756756756756757,-0.0810810810810811,-0.0135135135135135,-0.1891891891891892,0.0405405405405405,-0.4324324324324325,-0.4459459459459459,-0.1891891891891892,-0.0135135135135135,-0.3513513513513514,0.0405405405405405,-0.4594594594594595,-0.0135135135135135,-0.5675675675675675,-0.2837837837837838,-0.3783783783783784,0.0675675675675676,-0.5135135135135135,0.0945945945945946,-0.5945945945945946,0.0405405405405405
X,0.9000000000000000,0.3333333333333333,0.6666666666666666,0.1666666666666667,0.4333333333333333,0.0000000000000000,0.3000000000000000,-0.1000000000000000,0.2333333333333333,-0.1333333333333333,0.5666666666666667,-0.4333333333333333,0.3333333333333333,-0.6000000000000000,0.1666666666666667,-0.7000000000000000,0.0333333333333333,-0.7666666666666667,0.7333333333333333,-0.4666666666666667,0.4333333333333333,-0.3333333333333333,0.4333333333333333,-0.1666666666666667,0.5000000000000000,-0.0333333333333333,0.9000000000000000,-0.3666666666666666,0.5666666666666667,-0.2333333333333333,0.6000000000000000,-0.0666666666666667,0.6666666666666666,0.0000000000000000,1.0000000000000000,-0.2666666666666667,0.7666666666666667,-0.1333333333333333,0.7666666666666667,-0.0333333333333333,0.8333333333333334,0.0333333333333333,-0.9000000000000000,-0.3333333333333333,-0.6666666666666666,-0.5333333333333333,-0.3666666666666666,-0.6000000000000000,-0.1666666666666667,-0.6000000000000000,-0.0333333333333333,-0.5666666666666667,-0.2000000000000000,-0.6666666666666666,0.1333333333333333,-0.6000000000000000,0.3333333333333333,-0.5333333333333333,0.4666666666666667,-0.4666666666666667,-0.2333333333333333,-0.5666666666666667,0.0000000000000000,-0.2666666666666667,-0.0666666666666667,-0.2333333333333333,-0.1666666666666667,-0.2666666666666667,-0.3000000000000000,-0.4333333333333333,-0.1000000000000000,-0.1666666666666667,-0.1666666666666667,-0.1333333333333333,-0.2666666666666667,-0.2000000000000000,-0.4000000000000000,-0.2666666666666667,-0.2333333333333333,-0.0666666666666667,-0.3000000000000000,-0.0666666666666667,-0.4000000000000000,-0.1333333333333333
X,0.6197183098591549,-0.2676056338028169,0.6760563380281690,-0.4084507042253521,0.6760563380281690,-0.5211267605633803,0.5915492957746479,-0.6619718309859155,0.5070422535211268,-0.7464788732394366,0.7042253521126760,-0.4647887323943662,0.6197183098591549,-0.5774647887323944,0.5633802816901409,-0.6901408450704225,0.5070422535211268,-0.7464788732394366,0.6197183098591549,-0.4084507042253521,0.5352112676056338,-0.5492957746478874,0.5070422535211268,-0.6338028169014085,0.4507042253521127,-0.7183098591549296,0.5633802816901409,-0.3521126760563380,0.4507042253521127,-0.4647887323943662,0.4225352112676056,-0.5492957746478874,0.3661971830985916,-0.6338028169014085,0.4788732394366197,-0.2957746478873239,0.3943661971830986,-0.3802816901408451,0.3380281690140845,-0.4366197183098591,0.3098591549295774,-0.4929577464788732,-0.6197183098591549,0.2676056338028169,-0.2816901408450704,0.0704225352112676,0.1690140845070423,0.0985915492957746,0.5070422535211268,0.2676056338028169,0.7042253521126760,0.4647887323943662,0.2816901408450704,-0.1549295774647887,0.6197183098591549,0.3521126760563380,0.5633802816901409,0.4929577464788732,0.4225352112676056,0.4647887323943662,0.0845070422535211,0.0140845070422535,0.4788732394366197,0.7183098591549296,0.3661971830985916,0.8028169014084507,0.2253521126760563,0.6619718309859155,-0.1126760563380282,0.2394366197183098,0.2535211267605634,0.8873239436619719,0.1126760563380282,0.8873239436619719,-0.0281690140845070,0.7746478873239436,-0.3098591549295774,0.4929577464788732,0.0000000000000000,1.0000000000000000,-0.1126760563380282,0.9718309859154930,-0.2535211267605634,0.8309859154929577
X,0.4189189189189189,0.1081081081081081,0.2297297297297297,-0.0270270270270270,0.1216216216216216,-0.2432432432432433,0.0945945945945946,-0.4324324324324325,0.0405405405405405,-0.5945945945945946,0.2567567567567567,-0.4054054054054054,0.2297297297297297,-0.6486486486486487,0.2297297297297297,-0.8378378378378378,0.2027027027027027,-1.0000000000000000,0.3108108108108108,-0.3783783783783784,0.2297297297297297,-0.5675675675675675,0.1756756756756757,-0.6486486486486487,0.1486486486486487,-0.7297297297297297,0.3378378378378378,-0.3243243243243243,0.2837837837837838,-0.5135135135135135,0.1756756756756757,-0.5945945945945946,0.1486486486486487,-0.6756756756756757,0.3648648648648649,-0.2702702702702703,0.3108108108108108,-0.4324324324324325,0.2297297297297297,-0.5405405405405406,0.2027027027027027,-0.5945945945945946,-0.4189189189189189,-0.1081081081081081,-0.2567567567567567,-0.2702702702702703,-0.0945945945945946,-0.4594594594594595,0.0405405405405405,-0.5945945945945946,0.1216216216216216,-0.7027027027027027,0.0135135135135135,-0.5405405405405406,0.2027027027027027,-0.6756756756756757,0.2837837837837838,-0.7837837837837838,0.3378378378378378,-0.8918918918918919,0.0405405405405405,-0.4864864864864865,0.1756756756756757,-0.6486486486486487,0.2027027027027027,-0.7567567567567568,0.1756756756756757,-0.8378378378378378,0.0405405405405405,-0.4054054054054054,0.1756756756756757,-0.5405405405405406,0.2027027027027027,-0.6216216216216216,0.2297297297297297,-0.6756756756756757,0.0135135135135135,-0.2972972972972973,0.1756756756756757,-0.3783783783783784,0.2297297297297297,-0.4594594594594595,0.2567567567567567,-0.5135135135135135
X,0.8666666666666667,0.2800000000000000,0.6266666666666667,0.0666666666666667,0.3866666666666667,-0.0666666666666667,0.2000000000000000,-0.0666666666666667,0.0933333333333333,-0.0133333333333333,0.4666666666666667,-0.4666666666666667,0.2266666666666667,-0.6800000000000000,0.1200000000000000,-0.8400000000000000,0.0133333333333333,-1.0000000000000000,0.5733333333333334,-0.3866666666666667,0.1733333333333333,-0.1200000000000000,0.2266666666666667,0.0400000000000000,0.3600000000000000,0.0933333333333333,0.6533333333333333,-0.1733333333333333,0.2533333333333334,0.0933333333333333,0.3600000000000000,0.2000000000000000,0.4933333333333333,0.1733333333333333,0.7066666666666667,0.0666666666666667,0.3866666666666667,0.2533333333333334,0.4666666666666667,0.3333333333333333,0.5733333333333334,0.3066666666666666,-0.8666666666666667,-0.2800000000000000,-0.5733333333333334,-0.3333333333333333,-0.2533333333333334,-0.2800000000000000,-0.0666666666666667,-0.1200000000000000,0.0133333333333333,0.0400000000000000,-0.1200000000000000,-0.6533333333333333,0.1733333333333333,-0.6800000000000000,0.2533333333333334,-0.7600000000000000,0.3066666666666666,-0.8666666666666667,-0.2000000000000000,-0.5733333333333334,0.0400000000000000,-0.1733333333333333,-0.0666666666666667,-0.0933333333333333,-0.2000000000000000,-0.1466666666666667,-0.3333333333333333,-0.4666666666666667,-0.1200000000000000,-0.0400000000000000,-0.2533333333333334,-0.0133333333333333,-0.3600000000000000,-0.0933333333333333,-0.4933333333333333,-0.3066666666666666,-0.2800000000000000,0.0133333333333333,-0.3866666666666667,0.0400000000000000,-0.4933333333333333,-0.0400000000000000
X,0.6736111111111112,0.1666666666666667,0.3819444444444444,0.0833333333333333,0.2013888888888889,-0.0277777777777778,0.0902777777777778,-0.1111111111111111,0.0208333333333333,-0.1666666666666667,0.2708333333333333,-0.4861111111111111,0.0763888888888889,-0.7083333333333334,-0.0347222222222222,-0.8472222222222222,-0.1180555555555556,-0.9861111111111112,0.3958333333333333,-0.4861111111111111,0.0763888888888889,-0.3333333333333333,0.0902777777777778,-0.1388888888888889,0.1875000000000000,-0.0833333333333333,0.4930555555555556,-0.4027777777777778,0.1736111111111111,-0.1944444444444444,0.2013888888888889,-0.0694444444444444,0.2986111111111111,-0.0416666666666667,0.5486111111111112,-0.2638888888888889,0.2986111111111111,-0.1111111111111111,0.3125000000000000,-0.0138888888888889,0.3958333333333333,0.0000000000000000,-0.6736111111111112,-0.1666666666666667,-0.5208333333333334,-0.3333333333333333,-0.2986111111111111,-0.4305555555555556,-0.1180555555555556,-0.4166666666666667,-0.0208333333333333,-0.3750000000000000,-0.2291666666666667,-0.6388888888888888,-0.0069444444444444,-0.7638888888888888,0.1458333333333333,-0.8888888888888888,0.2569444444444444,-1.0000000000000000,-0.2847222222222222,-0.5694444444444444,0.0069444444444444,-0.3055555555555556,-0.0763888888888889,-0.2638888888888889,-0.1736111111111111,-0.3055555555555556,-0.3680555555555556,-0.4305555555555556,-0.1041666666666667,-0.1666666666666667,-0.1875000000000000,-0.1527777777777778,-0.2569444444444444,-0.2083333333333333,-0.4513888888888889,-0.2777777777777778,-0.2152777777777778,-0.0833333333333333,-0.2847222222222222,-0.0694444444444444,-0.3541666666666667,-0.1388888888888889
X,0.5633802816901409,0.1267605633802817,0.3380281690140845,0.0422535211267606,0.1690140845070423,-0.0704225352112676,0.0845070422535211,-0.1549295774647887,0.0563380281690141,-0.2112676056338028,0.2535211267605634,-0.4929577464788732,0.1126760563380282,-0.6901408450704225,0.0281690140845070,-0.8591549295774648,-0.0281690140845070,-1.0000000000000000,0.3661971830985916,-0.4929577464788732,0.1126760563380282,-0.3239436619718310,0.0845070422535211,-0.1830985915492958,0.1408450704225352,-0.1267605633802817,0.4507042253521127,-0.3802816901408451,0.1971830985915493,-0.2112676056338028,0.1971830985915493,-0.0985915492957746,0.2816901408450704,-0.0704225352112676,0.5070422535211268,-0.2676056338028169,0.2816901408450704,-0.1267605633802817,0.2816901408450704,-0.0140845070422535,0.3661971830985916,-0.0140845070422535,-0.5633802816901409,-0.1267605633802817,-0.4225352112676056,-0.2676056338028169,-0.1971830985915493,-0.3239436619718310,-0.0281690140845070,-0.2957746478873239,0.0563380281690141,-0.2394366197183098,-0.1690140845070423,-0.6338028169014085,0.0000000000000000,-0.7464788732394366,0.1126760563380282,-0.8873239436619719,0.1971830985915493,-1.0000000000000000,-0.1971830985915493,-0.5492957746478874,0.0281690140845070,-0.2957746478873239,-0.0281690140845070,-0.2676056338028169,-0.1126760563380282,-0.2957746478873239,-0.2816901408450704,-0.4084507042253521,-0.0563380281690141,-0.1830985915492958,-0.1126760563380282,-0.1830985915492958,-0.1690140845070423,-0.2394366197183098,-0.3380281690140845,-0.2676056338028169,-0.1690140845070423,-0.0704225352112676,-0.2253521126760563,-0.0985915492957746,-0.2816901408450704,-0.1549295774647887
X,0.6515151515151515,0.1212121212121212,0.3484848484848485,0.0303030303030303,0.1666666666666667,-0.0909090909090909,0.0454545454545455,-0.1515151515151515,-0.0151515151515152,-0.2121212121212121,0.1969696969696970,-0.5454545454545454,0.0454545454545455,-0.7272727272727273,-0.0454545454545455,-0.8787878787878788,-0.1060606060606061,-1.0000000000000000,0.3181818181818182,-0.5454545454545454,0.0454545454545455,-0.3636363636363636,0.0454545454545455,-0.1818181818181818,0.1060606060606061,-0.1212121212121212,0.4090909090909091,-0.4242424242424243,0.1363636363636364,-0.2424242424242424,0.1666666666666667,-0.1212121212121212,0.2575757575757576,-0.0909090909090909,0.5000000000000000,-0.2727272727272727,0.2575757575757576,-0.1515151515151515,0.2575757575757576,-0.0606060606060606,0.3484848484848485,-0.0303030303030303,-0.6515151515151515,-0.1212121212121212,-0.5303030303030303,-0.3030303030303030,-0.3181818181818182,-0.4242424242424243,-0.1666666666666667,-0.4848484848484849,-0.0454545454545455,-0.4848484848484849,-0.3181818181818182,-0.6060606060606061,-0.1666666666666667,-0.7575757575757576,-0.0757575757575758,-0.8787878787878788,0.0151515151515152,-0.9696969696969697,-0.3484848484848485,-0.5454545454545454,-0.1666666666666667,-0.4848484848484849,-0.1060606060606061,-0.3636363636363636,-0.0757575757575758,-0.3030303030303030,-0.4090909090909091,-0.4242424242424243,-0.1969696969696970,-0.3333333333333333,-0.1363636363636364,-0.2424242424242424,-0.1363636363636364,-0.1818181818181818,-0.4393939393939394,-0.2424242424242424,-0.2575757575757576,-0.1818181818181818,-0.1969696969696970,-0.1212121212121212,-0.1666666666666667,-0.1212121212121212
X,0.7966101694915254,0.0508474576271186,0.4915254237288136,-0.0169491525423729,0.2881355932203390,-0.1525423728813559,0.1864406779661017,-0.2542372881355932,0.1186440677966102,-0.3559322033898305,0.2542372881355932,-0.7288135593220338,0.1525423728813559,-0.8305084745762712,0.0169491525423729,-0.8644067796610170,-0.0847457627118644,-0.8644067796610170,0.3898305084745763,-0.7627118644067796,0.1864406779661017,-0.5932203389830508,0.1864406779661017,-0.3559322033898305,0.2542372881355932,-0.1864406779661017,0.5254237288135594,-0.7288135593220338,0.3559322033898305,-0.4915254237288136,0.3559322033898305,-0.2881355932203390,0.4237288135593220,-0.1525423728813559,0.6610169491525424,-0.6271186440677966,0.4915254237288136,-0.4237288135593220,0.4915254237288136,-0.2881355932203390,0.5593220338983050,-0.1864406779661017,-0.7966101694915254,-0.0508474576271186,-0.6949152542372882,-0.3220338983050847,-0.5254237288135594,-0.5932203389830508,-0.3898305084745763,-0.7966101694915254,-0.3559322033898305,-1.0000000000000000,-0.3898305084745763,-0.6949152542372882,-0.1864406779661017,-0.7627118644067796,-0.0847457627118644,-0.7966101694915254,-0.0508474576271186,-0.7966101694915254,-0.3898305084745763,-0.5593220338983050,-0.0847457627118644,-0.3898305084745763,-0.1525423728813559,-0.3559322033898305,-0.2542372881355932,-0.3898305084745763,-0.3898305084745763,-0.3898305084745763,-0.1186440677966102,-0.2203389830508475,-0.1864406779661017,-0.1525423728813559,-0.2881355932203390,-0.1864406779661017,-0.3898305084745763,-0.1864406779661017,-0.1864406779661017,-0.0169491525423729,-0.2542372881355932,0.0169491525423729,-0.3220338983050847,-0.0169491525423729
X,0.9636363636363636,0.2363636363636364,0.7090909090909091,0.1272727272727273,0.4545454545454545,-0.0181818181818182,0.3090909090909091,-0.0545454545454545,0.1272727272727273,-0.0545454545454545,0.4909090909090909,-0.4181818181818182,0.2363636363636364,-0.5636363636363636,0.0909090909090909,-0.6727272727272727,-0.0545454545454545,-0.7818181818181819,0.6727272727272727,-0.4545454545454545,0.4545454545454545,-0.2727272727272727,0.4545454545454545,-0.0545454545454545,0.5272727272727272,0.0545454545454545,0.8545454545454545,-0.3818181818181818,0.6000000000000000,-0.1636363636363636,0.6363636363636364,-0.0181818181818182,0.7090909090909091,0.0545454545454545,1.0000000000000000,-0.2727272727272727,0.8181818181818182,-0.1272727272727273,0.7818181818181819,0.0181818181818182,0.8545454545454545,0.0545454545454545,-0.9636363636363636,-0.2363636363636364,-0.7818181818181819,-0.3818181818181818,-0.5636363636363636,-0.4181818181818182,-0.3818181818181818,-0.4181818181818182,-0.2363636363636364,-0.3454545454545455,-0.4545454545454545,-0.5636363636363636,-0.2363636363636364,-0.5636363636363636,-0.0909090909090909,-0.4909090909090909,-0.0181818181818182,-0.4181818181818182,-0.4545454545454545,-0.4909090909090909,-0.2363636363636364,-0.4181818181818182,-0.1272727272727273,-0.3090909090909091,-0.0909090909090909,-0.2000000000000000,-0.4909090909090909,-0.3818181818181818,-0.2727272727272727,-0.2727272727272727,-0.2000000000000000,-0.2000000000000000,-0.2000000000000000,-0.1272727272727273,-0.5636363636363636,-0.2363636363636364,-0.3454545454545455,-0.1272727272727273,-0.2727272727272727,-0.0545454545454545,-0.2363636363636364,-0.0181818181818182
Y,0.5555555555555556,0.0952380952380952,0.3492063492063492,0.0476190476190476,0.1111111111111111,0.0000000000000000,-0.0476190476190476,-0.0793650793650794,-0.1746031746031746,-0.1587301587301587,0.0634920634920635,-0.1111111111111111,-0.1587301587301587,0.0793650793650794,-0.0952380952380952,0.1428571428571428,0.0000000000000000,0.1428571428571428,0.1111111111111111,-0.0634920634920635,-0.0793650793650794,0.1904761904761905,0.0000000000000000,0.2380952380952381,0.0793650793650794,0.2222222222222222,0.1428571428571428,0.0158730158730159,0.0158730158730159,0.2698412698412698,0.1269841269841270,0.2857142857142857,0.1904761904761905,0.2380952380952381,0.2063492063492063,0.1111111111111111,0.1111111111111111,0.3015873015873016,0.2063492063492063,0.3015873015873016,0.2698412698412698,0.2698412698412698,-0.5555555555555556,-0.0952380952380952,-0.3492063492063492,-0.1587301587301587,-0.1746031746031746,-0.3015873015873016,-0.0476190476190476,-0.3968253968253968,0.0793650793650794,-0.4285714285714285,-0.3333333333333333,-0.6349206349206349,-0.2222222222222222,-0.8095238095238095,-0.1111111111111111,-0.9047619047619048,-0.0476190476190476,-1.0000000000000000,-0.4126984126984127,-0.6349206349206349,-0.1746031746031746,-0.6507936507936508,-0.1587301587301587,-0.5079365079365079,-0.2222222222222222,-0.4444444444444444,-0.4761904761904762,-0.5873015873015873,-0.2222222222222222,-0.5555555555555556,-0.2380952380952381,-0.4126984126984127,-0.3015873015873016,-0.3650793650793651,-0.5079365079365079,-0.5079365079365079,-0.3015873015873016,-0.4603174603174603,-0.3015873015873016,-0.3492063492063492,-0.3650793650793651,-0.2857142857142857
Y,0.5238095238095238,0.1269841269841270,0.3492063492063492,0.0952380952380952,0.1428571428571428,0.0476190476190476,0.0158730158730159,0.0000000000000000,-0.0793650793650794,-0.0317460317460317,0.0793650793650794,-0.0793650793650794,-0.1111111111111111,0.0634920634920635,-0.0476190476190476,0.1428571428571428,0.0476190476190476,0.1428571428571428,0.1428571428571428,-0.0317460317460317,-0.0317460317460317,0.2063492063492063,0.0317460317460317,0.2698412698412698,0.1111111111111111,0.2380952380952381,0.2063492063492063,0.0476190476190476,0.0634920634920635,0.2698412698412698,0.1269841269841270,0.3174603174603174,0.2063492063492063,0.2698412698412698,0.2698412698412698,0.1269841269841270,0.1428571428571428,0.3015873015873016,0.2063492063492063,0.3333333333333333,0.2698412698412698,0.3174603174603174,-0.5238095238095238,-0.1269841269841270,-0.2857142857142857,-0.1587301587301587,-0.1111111111111111,-0.2857142857142857,0.0158730158730159,-0.3809523809523809,0.1587301587301587,-0.4126984126984127,-0.2380952380952381,-0.6349206349206349,-0.1269841269841270,-0.7936507936507936,-0.0158730158730159,-0.9047619047619048,0.0476190476190476,-1.0000000000000000,-0.3333333333333333,-0.6349206349206349,-0.0952380952380952,-0.6349206349206349,-0.0793650793650794,-0.4920634920634920,-0.1428571428571428,-0.4285714285714285,-0.3968253968253968,-0.5873015873015873,-0.1587301587301587,-0.5396825396825397,-0.1746031746031746,-0.3968253968253968,-0.2380952380952381,-0.3650793650793651,-0.4444444444444444,-0.5079365079365079,-0.2380952380952381,-0.4603174603174603,-0.2539682539682540,-0.3492063492063492,-0.3174603174603174,-0.3174603174603174
Y,0.4852941176470588,0.1911764705882353,0.3529411764705883,0.0588235294117647,0.1911764705882353,-0.0147058823529412,0.0441176470588235,0.0000000000000000,-0.0441176470588235,0.0441176470588235,0.1029411764705882,-0.1029411764705882,-0.0441176470588235,-0.1911764705882353,-0.1029411764705882,-0.2500000000000000,-0.1176470588235294,-0.3088235294117647,0.1029411764705882,-0.0294117647058824,-0.1323529411764706,0.0882352941176471,-0.0735294117647059,0.1470588235294118,0.0000000000000000,0.1323529411764706,0.1323529411764706,0.0735294117647059,-0.0588235294117647,0.2352941176470588,0.0147058823529412,0.2647058823529412,0.0882352941176471,0.2352941176470588,0.1617647058823529,0.1911764705882353,0.0441176470588235,0.3235294117647059,0.1176470588235294,0.3382352941176471,0.1911764705882353,0.3088235294117647,-0.4852941176470588,-0.1911764705882353,-0.2205882352941176,-0.2205882352941176,-0.0294117647058824,-0.3235294117647059,0.1029411764705882,-0.3823529411764706,0.2205882352941176,-0.4117647058823529,-0.1617647058823529,-0.6764705882352942,0.0000000000000000,-0.8088235294117647,0.1323529411764706,-0.9117647058823529,0.2205882352941176,-1.0000000000000000,-0.2352941176470588,-0.6764705882352942,0.0294117647058824,-0.5882352941176471,-0.0147058823529412,-0.4411764705882353,-0.0882352941176471,-0.4117647058823529,-0.2941176470588235,-0.6029411764705882,-0.0441176470588235,-0.4705882352941176,-0.1029411764705882,-0.3529411764705883,-0.1764705882352941,-0.3529411764705883,-0.3382352941176471,-0.4852941176470588,-0.1323529411764706,-0.3823529411764706,-0.1617647058823529,-0.3088235294117647,-0.2500000000000000,-0.3088235294117647
Y,0.5423728813559322,0.2711864406779661,0.3728813559322034,0.1186440677966102,0.1525423728813559,0.0508474576271186,-0.0169491525423729,0.1016949152542373,-0.1186440677966102,0.1525423728813559,0.1016949152542373,-0.0169491525423729,-0.0847457627118644,-0.0677966101694915,-0.1355932203389831,-0.1016949152542373,-0.1525423728813559,-0.1355932203389831,0.1355932203389831,0.0677966101694915,-0.1355932203389831,0.2542372881355932,-0.0677966101694915,0.3050847457627119,0.0169491525423729,0.2881355932203390,0.1694915254237288,0.2033898305084746,-0.0508474576271186,0.3898305084745763,0.0338983050847458,0.4237288135593220,0.1186440677966102,0.3728813559322034,0.2203389830508475,0.3220338983050847,0.0677966101694915,0.4915254237288136,0.1525423728813559,0.5084745762711864,0.2203389830508475,0.4576271186440678,-0.5423728813559322,-0.2711864406779661,-0.3559322033898305,-0.1694915254237288,-0.1525423728813559,-0.2203389830508475,0.0508474576271186,-0.3220338983050847,0.1864406779661017,-0.4067796610169492,-0.1694915254237288,-0.4576271186440678,-0.1016949152542373,-0.5423728813559322,-0.1525423728813559,-0.5593220338983050,-0.1525423728813559,-0.6440677966101694,-0.1525423728813559,-0.5593220338983050,-0.0847457627118644,-0.5084745762711864,-0.1864406779661017,-0.4067796610169492,-0.2881355932203390,-0.3898305084745763,-0.1694915254237288,-0.6271186440677966,-0.0847457627118644,-0.6101694915254238,-0.1694915254237288,-0.5084745762711864,-0.2711864406779661,-0.4745762711864407,-0.1864406779661017,-0.6949152542372882,-0.0338983050847458,-0.8474576271186440,0.0847457627118644,-0.9322033898305084,0.1694915254237288,-1.0000000000000000
Y,0.5357142857142857,0.0571428571428571,0.3642857142857143,-0.0285714285714286,0.1785714285714286,-0.0285714285714286,0.0214285714285714,0.0571428571428571,-0.0500000000000000,0.1285714285714286,0.0642857142857143,-0.1285714285714286,-0.0928571428571429,-0.1857142857142857,-0.1642857142857143,-0.2142857142857143,-0.2071428571428572,-0.2428571428571429,0.1071428571428571,-0.0714285714285714,-0.1071428571428571,0.1142857142857143,-0.0214285714285714,0.1714285714285714,0.0500000000000000,0.1571428571428571,0.1642857142857143,0.0142857142857143,-0.0071428571428571,0.2285714285714286,0.0928571428571429,0.2428571428571429,0.1642857142857143,0.1857142857142857,0.2357142857142857,0.1142857142857143,0.1214285714285714,0.2857142857142857,0.1928571428571429,0.3000000000000000,0.2500000000000000,0.2428571428571429,-0.5357142857142857,-0.0571428571428571,-0.2785714285714286,-0.1428571428571428,-0.1357142857142857,-0.3000000000000000,-0.0357142857142857,-0.3857142857142857,0.0785714285714286,-0.4571428571428571,-0.3642857142857143,-0.5857142857142857,-0.2500000000000000,-0.7571428571428571,-0.1785714285714286,-0.8857142857142857,-0.1214285714285714,-1.0000000000000000,-0.4214285714285714,-0.5571428571428572,-0.1500000000000000,-0.5571428571428572,-0.1642857142857143,-0.4142857142857143,-0.2214285714285714,-0.3571428571428572,-0.4500000000000000,-0.4714285714285714,-0.1928571428571429,-0.4142857142857143,-0.2071428571428572,-0.3000000000000000,-0.2642857142857143,-0.2714285714285714,-0.4500000000000000,-0.3571428571428572,-0.2357142857142857,-0.2857142857142857,-0.2500000000000000,-0.2142857142857143,-0.3071428571428572,-0.2000000000000000
Z,0.4788732394366197,-0.0140845070422535,0.1971830985915493,-0.0985915492957746,0.0704225352112676,-0.2535211267605634,-0.0140845070422535,-0.3802816901408451,-0.0563380281690141,-0.4647887323943662,0.2112676056338028,-0.5633802816901409,-0.0281690140845070,-0.5633802816901409,-0.1690140845070423,-0.5070422535211268,-0.2676056338028169,-0.4647887323943662,0.2394366197183098,-0.5352112676056338,-0.0422535211267606,-0.5352112676056338,-0.1971830985915493,-0.4929577464788732,-0.3098591549295774,-0.4647887323943662,0.2535211267605634,-0.4929577464788732,-0.0422535211267606,-0.4647887323943662,-0.1830985915492958,-0.4507042253521127,-0.2957746478873239,-0.4366197183098591,0.2394366197183098,-0.3943661971830986,0.0000000000000000,-0.3943661971830986,-0.1267605633802817,-0.3943661971830986,-0.2112676056338028,-0.4084507042253521,-0.4788732394366197,0.0140845070422535,-0.3521126760563380,-0.1267605633802817,-0.3380281690140845,-0.3521126760563380,-0.3380281690140845,-0.5211267605633803,-0.3380281690140845,-0.6338028169014085,-0.3943661971830986,-0.4084507042253521,-0.3661971830985916,-0.6338028169014085,-0.3380281690140845,-0.8028169014084507,-0.3239436619718310,-0.9436619718309859,-0.4084507042253521,-0.4084507042253521,-0.3802816901408451,-0.6619718309859155,-0.3521126760563380,-0.8450704225352113,-0.3380281690140845,-1.0000000000000000,-0.4225352112676056,-0.4084507042253521,-0.3802816901408451,-0.6478873239436620,-0.3521126760563380,-0.8169014084507042,-0.3521126760563380,-0.9577464788732394,-0.4225352112676056,-0.3661971830985916,-0.3943661971830986,-0.5492957746478874,-0.3661971830985916,-0.6901408450704225,-0.3521126760563380,-0.8028169014084507
Z,0.4689655172413793,0.0482758620689655,0.2344827586206897,-0.0482758620689655,0.1241379310344828,-0.2275862068965517,0.0551724137931034,-0.3517241379310345,0.0137931034482759,-0.4206896551724138,0.2896551724137931,-0.4896551724137931,0.0689655172413793,-0.5172413793103449,-0.0689655172413793,-0.5034482758620690,-0.1793103448275862,-0.4896551724137931,0.3172413793103449,-0.4758620689655172,0.0551724137931034,-0.4896551724137931,-0.0965517241379310,-0.4758620689655172,-0.2206896551724138,-0.4620689655172414,0.3310344827586207,-0.4068965517241379,0.0689655172413793,-0.4206896551724138,-0.0689655172413793,-0.4206896551724138,-0.1793103448275862,-0.4206896551724138,0.3034482758620690,-0.3241379310344827,0.1103448275862069,-0.3379310344827586,0.0000000000000000,-0.3517241379310345,-0.0827586206896552,-0.3517241379310345,-0.4689655172413793,-0.0482758620689655,-0.3448275862068966,-0.1586206896551724,-0.2758620689655172,-0.3655172413793104,-0.2620689655172414,-0.5310344827586206,-0.2344827586206897,-0.6413793103448275,-0.3172413793103449,-0.4344827586206896,-0.2482758620689655,-0.6413793103448275,-0.1793103448275862,-0.8068965517241379,-0.1379310344827586,-0.9448275862068966,-0.3310344827586207,-0.4482758620689655,-0.2620689655172414,-0.6827586206896552,-0.1931034482758621,-0.8482758620689655,-0.1517241379310345,-1.0000000000000000,-0.3448275862068966,-0.4344827586206896,-0.2620689655172414,-0.6551724137931034,-0.2206896551724138,-0.8206896551724138,-0.1931034482758621,-0.9448275862068966,-0.3586206896551724,-0.4068965517241379,-0.2896551724137931,-0.5724137931034483,-0.2482758620689655,-0.6965517241379310,-0.2344827586206897,-0.7931034482758621
Z,0.4600000000000000,0.0000000000000000,0.1933333333333333,-0.0533333333333333,0.0733333333333333,-0.1600000000000000,-0.0066666666666667,-0.2400000000000000,-0.0600000000000000,-0.2933333333333333,0.2066666666666667,-0.5200000000000000,-0.0333333333333333,-0.4933333333333333,-0.1800000000000000,-0.4666666666666667,-0.2866666666666667,-0.4533333333333333,0.2466666666666667,-0.5200000000000000,-0.0600000000000000,-0.5200000000000000,-0.2200000000000000,-0.4933333333333333,-0.3400000000000000,-0.4800000000000000,0.2466666666666667,-0.4800000000000000,-0.0600000000000000,-0.4800000000000000,-0.2066666666666667,-0.4800000000000000,-0.3133333333333334,-0.4800000000000000,0.2200000000000000,-0.4000000000000000,-0.0333333333333333,-0.4266666666666667,-0.1400000000000000,-0.4400000000000000,-0.2200000000000000,-0.4533333333333333,-0.4600000000000000,0.0000000000000000,-0.3133333333333334,-0.0933333333333333,-0.2866666666666667,-0.2666666666666667,-0.2733333333333333,-0.3733333333333334,-0.2333333333333333,-0.4533333333333333,-0.3666666666666666,-0.4400000000000000,-0.3400000000000000,-0.6533333333333333,-0.3133333333333334,-0.8133333333333334,-0.2866666666666667,-0.9466666666666667,-0.3933333333333333,-0.4533333333333333,-0.3666666666666666,-0.6933333333333334,-0.3266666666666667,-0.8666666666666667,-0.3000000000000000,-1.0000000000000000,-0.4200000000000000,-0.4400000000000000,-0.3800000000000000,-0.6800000000000000,-0.3533333333333333,-0.8400000000000000,-0.3400000000000000,-0.9600000000000000,-0.4200000000000000,-0.4133333333333333,-0.3933333333333333,-0.5866666666666667,-0.3666666666666666,-0.7066666666666667,-0.3533333333333333,-0.8000000000000000
Z,0.4642857142857143,-0.0285714285714286,0.2500000000000000,-0.0285714285714286,0.1071428571428571,-0.1285714285714286,0.0071428571428571,-0.2142857142857143,-0.0785714285714286,-0.2714285714285714,0.1785714285714286,-0.5142857142857142,-0.0500000000000000,-0.4857142857142857,-0.1928571428571429,-0.4714285714285714,-0.2928571428571429,-0.4571428571428571,0.2071428571428572,-0.5285714285714286,-0.0642857142857143,-0.5142857142857142,-0.2071428571428572,-0.4857142857142857,-0.3357142857142857,-0.4571428571428571,0.2214285714285714,-0.5000000000000000,-0.0500000000000000,-0.4714285714285714,-0.1928571428571429,-0.4571428571428571,-0.2928571428571429,-0.4428571428571428,0.2071428571428572,-0.4142857142857143,-0.0214285714285714,-0.4000000000000000,-0.1357142857142857,-0.4000000000000000,-0.2357142857142857,-0.4000000000000000,-0.4642857142857143,0.0285714285714286,-0.3642857142857143,-0.0857142857142857,-0.3785714285714286,-0.2714285714285714,-0.4071428571428571,-0.4142857142857143,-0.4071428571428571,-0.5285714285714286,-0.4642857142857143,-0.4000000000000000,-0.4500000000000000,-0.6142857142857143,-0.4357142857142857,-0.8000000000000000,-0.4357142857142857,-0.9428571428571428,-0.4785714285714286,-0.4142857142857143,-0.4785714285714286,-0.6571428571428571,-0.4500000000000000,-0.8285714285714286,-0.4357142857142857,-1.0000000000000000,-0.4928571428571429,-0.4142857142857143,-0.4785714285714286,-0.6428571428571429,-0.4642857142857143,-0.8142857142857143,-0.4642857142857143,-0.9571428571428572,-0.4928571428571429,-0.4000000000000000,-0.4785714285714286,-0.5714285714285714,-0.4642857142857143,-0.6857142857142857,-0.4642857142857143,-0.8000000000000000
Z,0.9622641509433962,0.1320754716981132,0.9622641509433962,-0.0188679245283019,0.8867924528301887,-0.2452830188679245,0.8490566037735849,-0.4339622641509434,0.8113207547169812,-0.5471698113207547,0.9245283018867925,-0.3962264150943396,0.8490566037735849,-0.6603773584905660,0.8113207547169812,-0.8490566037735849,0.7735849056603774,-1.0000000000000000,0.9245283018867925,-0.3584905660377358,0.8490566037735849,-0.6226415094339622,0.7735849056603774,-0.8490566037735849,0.6981132075471698,-1.0000000000000000,0.9245283018867925,-0.3207547169811321,0.8113207547169812,-0.5849056603773585,0.7735849056603774,-0.7735849056603774,0.6981132075471698,-0.9245283018867925,0.8867924528301887,-0.2830188679245283,0.8113207547169812,-0.4716981132075472,0.7358490566037735,-0.5849056603773585,0.7358490566037735,-0.6981132075471698,-0.9622641509433962,-0.1320754716981132,-0.6981132075471698,-0.1698113207547170,-0.3962264150943396,-0.2075471698113208,-0.1698113207547170,-0.1698113207547170,0.0188679245283019,-0.1320754716981132,-0.2075471698113208,-0.2452830188679245,0.1698113207547170,-0.1698113207547170,0.3962264150943396,-0.1320754716981132,0.5849056603773585,-0.0943396226415094,-0.2075471698113208,-0.2075471698113208,0.2075471698113208,-0.1320754716981132,0.4339622641509434,-0.0943396226415094,0.6603773584905660,-0.0566037735849057,-0.2075471698113208,-0.1320754716981132,0.1698113207547170,-0.0566037735849057,0.3962264150943396,-0.0188679245283019,0.5849056603773585,0.0188679245283019,-0.2452830188679245,-0.0188679245283019,0.0566037735849057,0.0188679245283019,0.2452830188679245,0.0188679245283019,0.4339622641509434,0.0566037735849057
Z,0.7350427350427351,0.2649572649572650,0.6153846153846154,0.0769230769230769,0.5982905982905983,-0.1794871794871795,0.6153846153846154,-0.3846153846153846,0.6324786324786325,-0.5384615384615384,0.7008547008547008,-0.2820512820512820,0.6495726495726496,-0.5384615384615384,0.6153846153846154,-0.7435897435897436,0.5982905982905983,-0.9145299145299145,0.7008547008547008,-0.2820512820512820,0.6324786324786325,-0.5555555555555556,0.6153846153846154,-0.7948717948717948,0.5982905982905983,-1.0000000000000000,0.6837606837606838,-0.2478632478632479,0.6324786324786325,-0.5213675213675214,0.5982905982905983,-0.7264957264957265,0.5982905982905983,-0.8974358974358975,0.6495726495726496,-0.2136752136752137,0.5982905982905983,-0.4017094017094017,0.5811965811965812,-0.5384615384615384,0.5811965811965812,-0.6581196581196581,-0.7350427350427351,-0.2649572649572650,-0.4957264957264957,-0.3504273504273504,-0.2564102564102564,-0.3333333333333333,-0.0854700854700855,-0.2649572649572650,0.0512820512820513,-0.2136752136752137,-0.1709401709401709,-0.4017094017094017,0.0854700854700855,-0.2991452991452991,0.2564102564102564,-0.2307692307692308,0.4102564102564102,-0.2136752136752137,-0.2051282051282051,-0.3504273504273504,0.0683760683760684,-0.2478632478632479,0.2735042735042735,-0.1965811965811966,0.4444444444444444,-0.1623931623931624,-0.2564102564102564,-0.2649572649572650,0.0000000000000000,-0.1794871794871795,0.1709401709401709,-0.1282051282051282,0.3076923076923077,-0.0940170940170940,-0.3418803418803419,-0.1623931623931624,-0.1196581196581197,-0.1111111111111111,0.0170940170940171,-0.0769230769230769,0.1196581196581197,-0.0598290598290598
Z,0.3882352941176471,-0.1294117647058824,0.3176470588235294,-0.2705882352941176,0.2941176470588235,-0.4352941176470588,0.3176470588235294,-0.5529411764705883,0.3176470588235294,-0.6705882352941176,0.3411764705882353,-0.5294117647058824,0.3647058823529412,-0.7176470588235294,0.3882352941176471,-0.8588235294117647,0.4117647058823529,-0.9764705882352941,0.3647058823529412,-0.5294117647058824,0.3647058823529412,-0.7411764705882353,0.3882352941176471,-0.8823529411764706,0.4117647058823529,-1.0000000000000000,0.3647058823529412,-0.5294117647058824,0.3882352941176471,-0.7176470588235294,0.4117647058823529,-0.8352941176470589,0.4117647058823529,-0.9529411764705882,0.3647058823529412,-0.5058823529411764,0.3882352941176471,-0.6235294117647059,0.3882352941176471,-0.6941176470588235,0.4117647058823529,-0.7882352941176470,-0.3882352941176471,0.1294117647058824,-0.2941176470588235,-0.0352941176470588,-0.2235294117647059,-0.2000000000000000,-0.1529411764705882,-0.3176470588235294,-0.1294117647058824,-0.4117647058823529,-0.1294117647058824,-0.2705882352941176,0.0352941176470588,-0.3411764705882353,0.1294117647058824,-0.3882352941176471,0.2000000000000000,-0.4352941176470588,-0.1294117647058824,-0.2000000000000000,0.0352941176470588,-0.2470588235294118,0.1529411764705882,-0.2470588235294118,0.2470588235294118,-0.2705882352941176,-0.1529411764705882,-0.1294117647058824,0.0352941176470588,-0.1529411764705882,0.1529411764705882,-0.1529411764705882,0.2235294117647059,-0.1529411764705882,-0.1529411764705882,-0.0352941176470588,-0.0117647058823529,-0.0352941176470588,0.0823529411764706,-0.0352941176470588,0.1764705882352941,-0.0352941176470588
Z,0.3214285714285715,-0.0238095238095238,0.2738095238095238,-0.1904761904761905,0.3214285714285715,-0.3571428571428572,0.3690476190476191,-0.4761904761904762,0.3928571428571428,-0.5714285714285714,0.4166666666666667,-0.4523809523809524,0.3928571428571428,-0.6666666666666666,0.3452380952380952,-0.8333333333333334,0.3214285714285715,-0.9761904761904762,0.4166666666666667,-0.4523809523809524,0.3690476190476191,-0.6666666666666666,0.3452380952380952,-0.8333333333333334,0.3214285714285715,-1.0000000000000000,0.3928571428571428,-0.4523809523809524,0.3690476190476191,-0.6428571428571429,0.3452380952380952,-0.7857142857142857,0.3214285714285715,-0.9285714285714286,0.3452380952380952,-0.4285714285714285,0.3452380952380952,-0.5714285714285714,0.3214285714285715,-0.6666666666666666,0.2976190476190476,-0.7619047619047619,-0.3214285714285715,0.0238095238095238,-0.2500000000000000,-0.1428571428571428,-0.2023809523809524,-0.2857142857142857,-0.1547619047619048,-0.4047619047619048,-0.1071428571428571,-0.4761904761904762,-0.1785714285714286,-0.4523809523809524,0.0119047619047619,-0.4761904761904762,0.1309523809523810,-0.4285714285714285,0.2023809523809524,-0.4047619047619048,-0.1547619047619048,-0.4047619047619048,0.0357142857142857,-0.4523809523809524,0.1309523809523810,-0.4047619047619048,0.1785714285714286,-0.3333333333333333,-0.1309523809523810,-0.3571428571428572,0.0357142857142857,-0.4047619047619048,0.1547619047619048,-0.3571428571428572,0.2023809523809524,-0.3095238095238095,-0.0833333333333333,-0.2857142857142857,0.0595238095238095,-0.3571428571428572,0.1547619047619048,-0.3809523809523809,0.2261904761904762,-0.4047619047619048
Z,0.6557377049180327,-0.0163934426229508,0.5901639344262295,-0.1475409836065574,0.5573770491803278,-0.3114754098360656,0.4918032786885246,-0.4754098360655737,0.4590163934426230,-0.5737704918032787,0.5901639344262295,-0.4754098360655737,0.5245901639344263,-0.6721311475409836,0.4918032786885246,-0.8360655737704918,0.4590163934426230,-0.9672131147540983,0.5901639344262295,-0.4754098360655737,0.5245901639344263,-0.7049180327868853,0.4918032786885246,-0.8688524590163934,0.4590163934426230,-1.0000000000000000,0.5573770491803278,-0.4754098360655737,0.4918032786885246,-0.6721311475409836,0.4590163934426230,-0.8360655737704918,0.4262295081967213,-0.9672131147540983,0.5245901639344263,-0.4754098360655737,0.4590163934426230,-0.6393442622950820,0.4262295081967213,-0.7704918032786885,0.4262295081967213,-0.8688524590163934,-0.6557377049180327,0.0163934426229508,-0.4918032786885246,-0.1803278688524590,-0.2950819672131147,-0.3442622950819672,-0.0983606557377049,-0.4426229508196721,0.0655737704918033,-0.5081967213114754,-0.3606557377049180,-0.6065573770491803,-0.0983606557377049,-0.6721311475409836,0.0983606557377049,-0.6393442622950820,0.2295081967213115,-0.6393442622950820,-0.3606557377049180,-0.5409836065573771,-0.0655737704918033,-0.5737704918032787,0.0983606557377049,-0.5737704918032787,0.2295081967213115,-0.5409836065573771,-0.3278688524590164,-0.4098360655737705,-0.0655737704918033,-0.4426229508196721,0.0655737704918033,-0.4426229508196721,0.1639344262295082,-0.4426229508196721,-0.3278688524590164,-0.2459016393442623,-0.0983606557377049,-0.2786885245901639,0.0327868852459016,-0.2786885245901639,0.1311475409836066,-0.3114754098360656
Z,0.7543859649122807,0.4385964912280702,0.7543859649122807,0.1929824561403509,0.7192982456140351,-0.1228070175438596,0.7192982456140351,-0.3333333333333333,0.7192982456140351,-0.4736842105263158,0.7894736842105263,-0.1929824561403509,0.7543859649122807,-0.5087719298245614,0.7192982456140351,-0.7543859649122807,0.7192982456140351,-0.9298245614035088,0.7894736842105263,-0.2280701754385965,0.7543859649122807,-0.5438596491228070,0.7543859649122807,-0.7894736842105263,0.7543859649122807,-1.0000000000000000,0.7543859649122807,-0.1929824561403509,0.7192982456140351,-0.5087719298245614,0.7192982456140351,-0.7192982456140351,0.7192982456140351,-0.9298245614035088,0.7192982456140351,-0.1929824561403509,0.7192982456140351,-0.4385964912280702,0.7192982456140351,-0.6140350877192983,0.7192982456140351,-0.7543859649122807,-0.7543859649122807,-0.4385964912280702,-0.5087719298245614,-0.4736842105263158,-0.2982456140350877,-0.4736842105263158,-0.1228070175438596,-0.4035087719298245,-0.0175438596491228,-0.3333333333333333,-0.1578947368421053,-0.4736842105263158,0.0877192982456140,-0.3333333333333333,0.2631578947368421,-0.2280701754385965,0.4035087719298245,-0.1929824561403509,-0.1929824561403509,-0.4035087719298245,0.1228070175438596,-0.2982456140350877,0.2982456140350877,-0.1929824561403509,0.4385964912280702,-0.1228070175438596,-0.2280701754385965,-0.3333333333333333,0.0877192982456140,-0.2280701754385965,0.2280701754385965,-0.1228070175438596,0.3684210526315789,-0.0877192982456140,-0.2982456140350877,-0.1929824561403509,-0.0526315789473684,-0.1228070175438596,0.0877192982456140,-0.0877192982456140,0.2280701754385965,-0.0526315789473684
